14201607142310,,,,,,,,,1,1,1,
14201607142310,,,,,,,,,1,1,1,
14201607142310,,,,,,,,,1,1,1,
14201607142310,,,,,,,,,1,1,1,
14201607142310,,,,,,,,,1,1,1,
14201607142310,,,,,,,,,1,1,1,
14201607142310,,,,,,,,,1,1,1,
14201607142310,,,,,,,,,1,1,1,
14201607142310,,,,,,,,,1,1,1,
14201607142310,,,,,,,,,1,1,1,
14201607142310,,,,,,,,,1,1,1,
14201607142310,,,,,,,,,1,1,1,
14201607142310,,,,,,,,,1,1,1,
14201607142310,,,,,,,,,1,1,1,
14201607142311,142016071414,270.00,23.99,43.11,26.55,43.39,1024.91,5.02,1,1,1,0.1
14201607142311,142016071415,48.00,23.99,43.11,26.55,43.39,1024.91,5.03,1,1,1,0.1
14201607142311,142016071416,115.00,26.55,43.39,26.55,43.39,1025.20,5.02,1,1,1,0.1
14201607142312,142016071417,65.00,23.99,43.11,23.99,43.11,1024.87,5.02,1,1,1,0.1
14201607142312,142016071418,2.00,26.55,43.39,26.55,43.39,1024.69,5.02,1,1,1,0.1
14201607142312,142016071419,1.00,26.55,43.39,26.55,43.39,1024.92,5.02,1,1,1,0.1
14201607142313,142016071420,0.00,26.55,51.78,26.55,43.39,1024.96,5.02,1,1,1,0.1
14201607142313,142016071421,0.00,26.55,51.78,26.55,51.78,1025.25,5.02,1,1,1,0.1
14201607142313,142016071422,914.00,26.55,51.78,26.55,51.78,1025.49,5.02,1,1,1,0.1
14201607142314,142016071423,950.00,26.55,59.79,26.55,59.79,1025.57,5.02,1,1,1,0.1
14201607152310,142016071500,1004.00,23.99,51.44,26.55,59.79,1025.69,4.98,1,1,1,0.1
14201607152311,142016071501,1.00,23.99,51.44,23.99,59.40,1025.85,4.99,1,1,1,0.1
14201607152311,142016071502,1.00,23.99,59.40,23.99,59.40,1025.76,4.98,1,1,1,0.1
14201607152312,142016071503,1.00,23.99,51.44,23.99,59.40,1025.77,4.99,1,1,1,0.1
14201607152312,142016071504,1.00,23.99,59.40,23.99,59.40,1025.79,4.98,1,1,1,0.1
14201607152312,142016071505,381.00,23.99,59.40,23.99,59.40,1025.69,4.99,1,1,1,0.1
14201607152313,142016071506,4994.00,23.99,59.40,23.99,59.40,1025.94,4.98,1,1,1,0.1
14201607152313,142016071507,12547.00,23.99,59.40,23.99,59.40,1025.90,4.99,1,1,1,0.1
14201607152313,142016071508,37522.00,23.99,59.40,23.99,51.44,1026.24,4.99,1,1,1,0.1
14201607152314,142016071509,65535.00,24.39,51.50,26.55,51.78,1026.17,4.98,1,1,1,0.1
14201607152314,142016071510,65535.00,31.67,52.46,31.67,37.08,1025.98,4.98,1,1,1,0.1
14201607152315,142016071511,65535.00,31.67,40.00,103.35,41.79,1026.11,4.98,1,1,1,0.1
14201607152315,142016071512,58601.00,31.67,37.08,103.35,40.48,1025.98,4.98,1,1,1,0.1
14201607152315,142016071513,48644.00,31.67,37.85,31.67,41.79,1026.09,4.98,1,1,1,0.1
14201607152316,142016071514,41555.00,31.67,36.17,31.67,41.79,1025.83,4.98,1,1,1,0.1
14201607152316,142016071515,39090.00,31.67,36.80,31.67,41.79,1025.96,4.98,1,1,1,0.1
14201607152316,142016071516,20029.00,31.67,39.03,31.67,43.97,1025.53,4.98,1,1,1,0.1
14201607152317,142016071517,8000.00,31.67,40.69,31.67,43.97,1025.42,4.99,1,1,1,0.1
14201607152317,142016071518,7471.00,31.67,43.70,31.67,43.97,1025.39,4.98,1,1,1,0.1
14201607152317,142016071519,7670.00,31.67,52.46,31.67,52.46,1024.91,4.98,1,1,1,0.1
14201607152318,142016071520,4403.00,31.67,52.46,31.67,52.46,1024.63,4.99,1,1,1,0.1
14201607152318,142016071521,1617.00,31.67,52.46,31.67,52.46,1024.67,4.99,1,1,1,0.1
14201607152319,142016071522,2.00,26.55,51.78,26.55,52.46,1024.90,4.98,1,1,1,0.1
14201607152319,142016071523,919.00,26.55,59.79,26.55,51.78,1024.82,4.98,1,1,1,0.1
14201607162310,142016071600,1.00,26.55,59.79,26.55,51.78,1024.85,5.00,1,1,1,0.1
14201607162310,142016071601,1.00,26.55,59.79,26.55,59.79,1024.75,5.00,1,1,1,0.1
14201607162311,142016071602,1.00,26.55,59.79,26.55,59.79,1024.79,5.00,1,1,1,0.1
14201607162311,142016071603,1.00,26.55,59.79,26.55,59.79,1024.47,5.00,1,1,1,0.1
14201607162312,142016071604,1.00,26.55,59.79,26.55,59.79,1024.26,5.00,1,1,1,0.1
14201607162312,142016071605,258.00,23.99,59.40,26.55,59.79,1024.33,5.00,1,1,1,0.1
14201607162312,142016071606,2545.00,23.99,59.40,26.55,59.79,1024.50,5.00,1,1,1,0.1
14201607162313,142016071607,3500.00,23.99,59.40,26.55,59.79,1024.74,5.00,1,1,1,0.1
14201607162313,142016071608,14841.00,23.99,59.40,26.55,59.79,1024.94,5.00,1,1,1,0.1
14201607162313,142016071609,35034.00,26.55,59.79,26.55,59.79,1025.29,5.00,1,1,1,0.1
14201607162314,142016071610,19554.00,24.37,59.47,26.55,59.79,1025.03,5.00,1,1,1,0.1
14201607162314,142016071611,65535.00,31.67,52.46,31.67,52.46,1024.64,5.00,1,1,1,0.1
14201607162315,142016071612,50415.00,31.67,41.79,31.91,37.16,1024.48,5.00,1,1,1,0.1
14201607162315,142016071613,5111.00,31.67,52.46,31.67,42.20,1024.20,5.00,1,1,1,0.1
14201607162315,142016071614,11218.00,31.67,52.46,31.67,40.55,1023.84,5.00,1,1,1,0.1
14201607162316,142016071615,10162.00,31.67,52.46,31.67,52.46,1023.51,5.00,1,1,1,0.1
14201607162316,142016071616,4460.00,31.67,52.46,31.67,52.46,1023.11,5.00,1,1,1,0.1
14201607162316,142016071617,4720.00,31.67,52.46,31.67,52.46,1022.93,5.00,1,1,1,0.1
14201607162317,142016071618,5815.00,31.67,52.46,31.67,52.46,1022.72,5.00,1,1,1,0.1
14201607162317,142016071619,3153.00,31.67,52.46,31.67,52.46,1022.78,5.00,1,1,1,0.1
14201607162317,142016071620,1517.00,31.67,52.46,31.67,52.46,1022.67,5.00,1,1,1,0.1
14201607162318,142016071621,704.00,31.67,52.46,31.67,52.46,1022.70,5.00,1,1,1,0.1
14201607162318,142016071622,510.00,31.67,52.46,31.67,52.46,1023.04,5.00,1,1,1,0.1
14201607162319,142016071623,526.00,31.67,52.46,31.67,52.46,1023.14,5.00,1,1,1,0.1
14201607172310,142016071700,535.00,31.67,60.58,31.67,60.58,1022.98,4.98,1,1,1,0.1
14201607172311,142016071701,0.00,31.67,60.58,31.67,52.46,1022.90,4.98,1,1,1,0.1
14201607172311,142016071702,0.00,31.67,60.58,31.67,52.46,1022.86,4.98,1,1,1,0.1
14201607172311,142016071703,1.00,31.67,60.58,31.67,52.46,1022.76,4.98,1,1,1,0.1
14201607172312,142016071704,0.00,26.55,60.58,31.67,52.46,1022.45,4.98,1,1,1,0.1
14201607172312,142016071705,74.00,26.23,59.74,31.67,60.58,1022.32,4.98,1,1,1,0.1
14201607172312,142016071706,714.00,25.91,59.69,31.67,60.58,1022.34,4.98,1,1,1,0.1
14201607172313,142016071707,3482.00,25.91,59.69,31.67,52.46,1022.63,4.98,1,1,1,0.1
14201607172313,142016071708,10835.00,31.67,60.58,31.67,60.58,1022.67,4.96,1,1,1,0.1
14201607172314,142016071709,28337.00,31.67,60.58,31.67,52.46,1022.50,4.98,1,1,1,0.1
14201607172314,142016071710,41153.00,31.67,52.46,31.67,52.46,1022.33,4.98,1,1,1,0.1
14201607172314,142016071711,32568.00,31.67,52.46,32.41,43.85,1022.14,4.98,1,1,1,0.1
14201607172315,142016071712,24047.00,31.67,52.46,33.01,40.62,1022.04,4.98,1,1,1,0.1
14201607172315,142016071713,16042.00,31.67,52.46,32.63,40.31,1021.82,4.98,1,1,1,0.1
14201607172315,142016071714,11096.00,31.67,52.46,31.77,41.80,1021.72,4.98,1,1,1,0.1
14201607172316,142016071715,8030.00,31.67,52.46,31.67,41.79,1021.32,4.98,1,1,1,0.1
14201607172316,142016071716,5045.00,31.67,52.46,31.67,41.79,1020.77,4.98,1,1,1,0.1
14201607172316,142016071717,1609.00,31.67,52.46,31.67,43.97,1020.48,4.98,1,1,1,0.1
14201607172317,142016071718,4095.00,31.67,52.46,31.67,52.46,1020.33,4.98,1,1,1,0.1
14201607172317,142016071719,1235.00,31.67,52.46,31.67,43.70,1020.32,4.98,1,1,1,0.1
14201607172318,142016071720,883.00,31.67,52.46,31.67,43.76,1020.55,4.98,1,1,1,0.1
14201607172318,142016071721,239.00,31.67,52.46,31.67,52.46,1020.85,4.98,1,1,1,0.1
14201607172318,142016071722,594.00,31.67,52.46,31.67,52.46,1021.42,4.98,1,1,1,0.1
14201607172319,142016071723,605.00,31.67,52.46,31.67,52.46,1021.61,4.98,1,1,1,0.1
14201607182310,142016071800,1.00,31.67,60.58,31.67,60.58,1021.82,4.98,1,1,1,1
14201607182311,142016071801,0.00,31.67,60.58,31.67,60.58,1021.83,4.98,1,1,1,0.1
14201607182311,142016071802,0.00,31.67,60.58,31.67,60.58,1021.76,4.98,1,1,1,0.1
14201607182311,142016071803,0.00,26.05,59.71,31.67,60.58,1021.56,4.98,1,1,1,0.1
14201607182312,142016071804,1.00,25.19,59.59,26.55,59.79,1021.49,4.98,1,1,1,1
14201607182312,142016071805,160.00,24.31,59.79,26.55,59.79,1021.39,4.98,1,1,1,0.1
14201607182312,142016071806,1830.00,26.51,59.78,26.55,59.79,1021.75,4.98,1,1,1,0.1
14201607182313,142016071807,7598.00,24.95,59.55,26.55,59.79,1021.94,4.98,1,1,1,0.1
14201607182313,142016071808,20909.00,31.67,60.58,31.67,52.46,1021.93,4.98,1,1,1,0.1
14201607182314,142016071809,47888.00,31.67,42.88,32.81,43.55,1022.05,4.98,1,1,1,0.1
14201607182314,142016071810,65535.00,31.93,39.05,108.47,31.36,1022.06,4.98,1,1,1,0.1
14201607182314,142016071811,65535.00,33.61,33.51,36.79,35.37,1022.11,4.98,1,1,1,0.1
14201607182315,142016071812,65535.00,36.79,29.80,36.79,26.26,1022.12,4.98,1,1,1,0.1
14201607182315,142016071813,4160.00,32.63,30.05,36.79,26.26,1021.69,4.98,1,1,1,0.1
14201607182315,142016071814,3068.00,34.17,28.13,33.59,26.03,1021.49,4.98,1,1,1,0.1
14201607182316,142016071815,2103.00,33.13,26.00,108.47,28.03,1020.86,4.98,1,1,1,0.1
14201607182316,142016071816,1533.00,32.63,25.96,33.59,26.03,1020.41,4.98,1,1,1,0.1
14201607182316,142016071817,1238.00,31.85,26.86,32.91,27.09,1020.05,4.98,1,1,1,0.1
14201607182317,142016071818,1776.00,31.67,29.39,32.37,30.18,1019.59,4.98,1,1,1,0.1
14201607182317,142016071819,1706.00,31.67,30.55,31.93,34.01,1019.43,4.98,1,1,1,0.1
14201607182318,142016071820,990.00,31.67,34.55,31.67,33.20,1019.46,4.98,1,1,1,0.1
14201607182318,142016071821,854.00,31.67,41.79,31.67,35.96,1019.90,4.98,1,1,1,0.1
14201607182318,142016071822,575.00,31.67,43.76,31.67,42.20,1020.35,4.98,1,1,1,0.1
14201607182319,142016071823,559.00,31.67,52.46,31.67,42.88,1020.49,4.98,1,1,1,0.1
14201607192310,142016071900,1.00,31.67,52.46,31.67,52.46,1020.63,5.00,1,1,1,1
14201607192311,142016071901,0.00,31.67,52.46,31.67,52.46,1020.26,5.00,1,1,1,0.1
14201607192311,142016071902,1.00,31.67,60.58,31.67,52.46,1019.99,5.00,1,1,1,0.1
14201607192311,142016071903,0.00,26.55,59.79,31.67,52.46,1019.73,5.00,1,1,1,0.1
14201607192312,142016071904,1.00,26.55,59.79,26.55,59.79,1019.26,5.00,1,1,1,0.1
14201607192312,142016071905,142.00,26.55,67.44,26.55,59.79,1019.01,5.00,1,1,1,0.1
14201607192312,142016071906,1771.00,23.99,67.00,26.55,59.79,1018.91,5.00,1,1,1,0.1
14201607192313,142016071907,12486.00,26.55,59.79,26.55,59.79,1019.06,5.00,1,1,1,0.1
14201607192313,142016071908,19184.00,31.67,52.46,31.67,52.46,1018.78,5.00,1,1,1,0.1
14201607192313,142016071909,42267.00,31.67,52.46,108.47,40.14,1018.52,4.99,1,1,1,0.1
14201607192314,142016071910,65535.00,34.07,39.33,36.79,40.25,1018.24,4.99,1,1,1,0.1
14201607192314,142016071911,65535.00,36.79,33.29,39.35,34.67,1017.79,4.99,1,1,1,0.1
14201607192315,142016071912,65535.00,39.35,32.20,39.35,28.30,1017.64,4.99,1,1,1,0.1
14201607192315,142016071913,7016.00,36.79,30.89,39.35,35.32,1017.13,4.99,1,1,1,1
14201607192315,142016071914,5705.00,36.79,31.84,113.59,29.80,1016.44,4.99,1,1,1,0.1
14201607192316,142016071915,4552.00,36.79,35.01,36.79,33.29,1016.13,4.99,1,1,1,0.1
14201607192316,142016071916,3793.00,33.71,36.29,36.79,35.01,1015.51,4.99,1,1,1,0.1
14201607192316,142016071917,3224.00,33.19,35.61,108.47,35.35,1014.98,4.99,1,1,1,0.1
14201607192317,142016071918,2798.00,32.63,31.56,33.21,35.25,1014.55,4.99,1,1,1,1
14201607192317,142016071919,3236.00,32.15,41.98,32.63,41.87,1014.44,5.00,1,1,1,0.1
14201607192318,142016071920,2496.00,31.67,52.46,31.67,52.46,1014.08,5.00,1,1,1,0.1
14201607192318,142016071921,341.00,31.67,52.46,31.67,52.46,1013.74,4.99,1,1,1,0.1
14201607192318,142016071922,571.00,31.67,52.46,31.67,52.46,1013.45,5.00,1,1,1,0.1
14201607192319,142016071923,578.00,31.67,52.46,31.67,52.46,1012.84,5.00,1,1,1,1
14201607202310,142016072000,2.00,31.67,52.46,31.67,52.46,1012.29,4.98,1,1,1,0.1
14201607202311,142016072001,2.00,31.67,60.58,31.67,52.46,1011.64,4.98,1,1,1,0.1
14201607202311,142016072002,2.00,31.67,60.58,31.67,52.46,1010.92,4.98,1,1,1,0.1
14201607202311,142016072003,2.00,31.67,60.58,31.67,52.46,1009.90,4.98,1,1,1,0.1
14201607202312,142016072004,2.00,31.67,60.58,31.67,60.58,1008.83,4.98,1,1,1,0.1
14201607202312,142016072005,427.00,31.67,60.58,31.67,52.46,1008.00,4.98,1,1,1,0.1
14201607202312,142016072006,3674.00,31.67,60.58,31.67,52.46,1007.62,4.98,1,1,1,0.1
14201607202313,142016072007,19541.00,31.67,60.58,31.67,52.46,1007.13,4.98,1,1,1,0.1
14201607202313,142016072008,56020.00,31.67,52.46,31.67,52.46,1006.67,4.98,1,1,1,0.1
14201607202314,142016072009,65535.00,32.63,52.58,33.05,36.94,1007.07,4.98,1,1,1,1
14201607202314,142016072010,65535.00,31.95,39.76,113.59,83.84,1007.54,4.98,1,1,1,0.1
14201607202314,142016072011,65535.00,32.83,35.92,34.19,42.05,1007.73,4.98,1,1,1,0.1
14201607202315,142016072012,35884.00,33.65,38.68,33.91,37.12,1008.70,4.98,1,1,1,0.1
14201607202315,142016072013,12505.00,33.59,40.13,108.47,44.08,1008.34,4.98,1,1,1,0.1
14201607202315,142016072014,10194.00,33.91,40.86,108.47,36.89,1008.57,4.98,1,1,1,0.1
14201607202316,142016072015,9641.00,34.07,40.86,32.63,38.77,1008.84,4.98,1,1,1,0.1
14201607202316,142016072016,8419.00,34.07,42.03,108.47,37.05,1008.84,4.98,1,1,1,0.1
14201607202317,142016072017,8239.00,34.21,44.00,32.83,43.01,1009.12,4.98,1,1,1,0.1
14201607202317,142016072018,3217.00,34.21,37.95,31.91,35.70,1009.48,4.98,1,1,1,0.1
14201607202317,142016072019,2647.00,33.07,32.97,32.91,29.71,1009.62,4.98,1,1,1,0.1
14201607202318,142016072020,1985.00,32.33,37.50,32.87,36.99,1010.35,4.98,1,1,1,0.1
14201607202318,142016072021,402.00,31.75,38.69,32.23,39.57,1011.63,4.98,1,1,1,0.1
14201607202318,142016072022,2.00,31.67,38.48,31.67,37.50,1012.62,4.98,1,1,1,0.1
14201607202319,142016072023,582.00,31.67,43.43,31.67,41.99,1013.07,4.98,1,1,1,0.1
14201607212310,142016072100,2.00,31.67,36.87,31.67,43.97,1013.55,4.98,1,1,1,1
14201607212311,142016072101,1.00,31.67,43.43,31.67,43.97,1013.60,4.98,1,1,1,0.1
14201607212311,142016072102,2.00,25.91,51.78,31.67,43.97,1013.71,4.98,1,1,1,0.1
14201607212311,142016072103,2.00,26.55,51.78,26.55,51.78,1013.62,4.98,1,1,1,0.1
14201607212312,142016072104,2.00,23.99,59.40,26.55,51.78,1013.87,4.98,1,1,1,0.1
14201607212312,142016072105,567.00,23.99,59.40,26.55,51.78,1014.25,4.98,1,1,1,0.1
14201607212312,142016072106,7446.00,23.99,59.40,26.55,51.78,1014.65,4.98,1,1,1,0.1
14201607212313,142016072107,9458.00,23.99,59.40,26.55,51.78,1014.94,4.98,1,1,1,0.1
14201607212313,142016072108,17027.00,26.49,51.77,26.55,51.78,1015.58,4.98,1,1,1,0.1
14201607212314,142016072109,33943.00,26.23,51.74,31.67,52.46,1015.84,4.98,1,1,1,0.1
14201607212314,142016072110,24954.00,31.67,52.46,31.67,39.66,1016.21,4.98,1,1,1,0.1
14201607212314,142016072111,43508.00,31.67,36.24,31.67,38.48,1016.23,4.95,1,1,1,0.1
14201607212315,142016072112,65535.00,31.67,33.98,32.15,31.52,1016.14,4.98,1,1,1,0.1
14201607212315,142016072113,23975.00,31.67,32.84,31.75,28.60,1015.96,4.98,1,1,1,0.1
14201607212315,142016072114,19978.00,31.67,33.98,31.67,30.26,1015.88,4.98,1,1,1,0.1
14201607212316,142016072115,15731.00,31.67,32.84,31.67,29.39,1015.81,4.98,1,1,1,0.1
14201607212316,142016072116,20009.00,31.67,32.91,31.67,29.97,1015.77,4.98,1,1,1,0.1
14201607212316,142016072117,7994.00,31.67,35.96,31.67,32.84,1015.82,4.98,1,1,1,0.1
14201607212317,142016072118,3580.00,31.67,39.03,31.67,35.47,1015.80,4.98,1,1,1,0.1
14201607212317,142016072119,2313.00,31.67,36.80,31.67,36.87,1015.70,4.98,1,1,1,0.1
14201607212318,142016072120,269.00,31.67,33.98,31.67,31.63,1016.04,4.98,1,1,1,0.1
14201607212318,142016072121,597.00,31.67,37.71,31.67,35.11,1016.33,4.98,1,1,1,0.1
14201607212318,142016072122,501.00,31.67,41.79,31.67,43.97,1016.86,4.97,1,1,1,0.1
14201607212319,142016072123,572.00,31.67,38.55,31.67,43.97,1017.29,4.97,1,1,1,0.1
14201506072301,,,,,,,,,1,1,1,
14201506072301,,,,,,,,,1,1,1,
14201506072301,,,,,,,,,1,1,1,
14201506072301,,,,,,,,,1,1,1,
14201506072301,,,,,,,,,1,1,1,
14201506072301,,,,,,,,,1,1,1,
14201506072301,,,,,,,,,1,1,1,
14201506072301,,,,,,,,,1,1,1,
14201506072301,,,,,,,,,1,1,1,
14201506072301,,,,,,,,,1,1,1,
14201506072301,,,,,,,,,1,1,1,
14201506072301,,,,,,,,,1,1,1,
14201506072301,,,,,,,,,1,1,1,
14201506072301,,,,,,,,,1,1,1,
14201506072301,,,,,,,,,1,1,1,
14201506072301,,,,,,,,,1,1,1,
14201506072301,,,,,,,,,1,1,1,
14201506072301,,,,,,,,,1,1,1,
14201506072301,,,,,,,,,1,1,1,
14201506072301,,,,,,,,,1,1,1,
14201506072301,,,,,,,,,1,1,1,
14201506072301,,,,,,,,,1,1,1,
14201506072301,,,,,,,,,1,1,1,
14201506072302,142015060723,2430.00,26.55,43.39,26.55,43.39,1015.17,5.04,1,1,1,0.1
14201507212302,142016072100,2.00,31.67,36.87,31.67,43.97,1013.55,4.98,1,1,1,1
14201507212303,142016072101,1.00,31.67,43.43,31.67,43.97,1013.60,4.98,1,1,1,0.1
14201507212303,142016072102,2.00,25.91,51.78,31.67,43.97,1013.71,4.98,1,1,1,1
14201507212304,142016072103,2.00,26.55,51.78,26.55,51.78,1013.62,4.98,1,1,1,0.1
14201507212304,142016072104,2.00,23.99,59.40,26.55,51.78,1013.87,4.98,1,1,1,0.1
14201507212304,142016072105,567.00,23.99,59.40,26.55,51.78,1014.25,4.98,1,1,1,0.1
14201507212305,142016072106,7446.00,23.99,59.40,26.55,51.78,1014.65,4.98,1,1,1,0.1
14201507212305,142016072107,9458.00,23.99,59.40,26.55,51.78,1014.94,4.98,1,1,1,0.1
14201507212305,142016072108,17027.00,26.49,51.77,26.55,51.78,1015.58,4.98,1,1,1,0.1
14201507212306,142016072109,33943.00,26.23,51.74,31.67,52.46,1015.84,4.98,1,1,1,0.1
14201507212306,142016072110,24954.00,31.67,52.46,31.67,39.66,1016.21,4.98,1,1,1,0.1
14201507212306,142016072111,43508.00,31.67,36.24,31.67,38.48,1016.23,4.95,1,1,1,0.1
14201507212307,142016072112,65535.00,31.67,33.98,32.15,31.52,1016.14,4.98,1,1,1,0.1
14201507212307,142016072113,23975.00,31.67,32.84,31.75,28.60,1015.96,4.98,1,1,1,0.1
14201507212308,142016072114,19978.00,31.67,33.98,31.67,30.26,1015.88,4.98,1,1,1,0.1
14201507212308,142016072115,15731.00,31.67,32.84,31.67,29.39,1015.81,4.98,1,1,1,0.1
14201507212308,142016072116,20009.00,31.67,32.91,31.67,29.97,1015.77,4.98,1,1,1,0.1
14201507212309,142016072117,7994.00,31.67,35.96,31.67,32.84,1015.82,4.98,1,1,1,1
14201507212309,142016072118,3580.00,31.67,39.03,31.67,35.47,1015.80,4.98,1,1,1,0.1
14201507212309,142016072119,2313.00,31.67,36.80,31.67,36.87,1015.70,4.98,1,1,1,0.1
14201507212310,142016072120,269.00,31.67,33.98,31.67,31.63,1016.04,4.98,1,1,1,0.1
14201507212310,142016072121,597.00,31.67,37.71,31.67,35.11,1016.33,4.98,1,1,1,0.1
14201507212310,142016072122,501.00,31.67,41.79,31.67,43.97,1016.86,4.97,1,1,1,0.1
14201507212311,142015072123,3277.00,26.55,43.39,26.55,43.39,1015.19,5.04,1,1,1,0.1
14201507212316,142016072100,2.00,31.67,36.87,31.67,43.97,1013.55,4.98,1,1,1,0.1
14201507212316,142016072101,1.00,31.67,43.43,31.67,43.97,1013.60,4.98,1,1,1,0.1
14201507212317,142016072102,2.00,25.91,51.78,31.67,43.97,1013.71,4.98,1,1,1,0.1
14201507212317,142016072103,2.00,26.55,51.78,26.55,51.78,1013.62,4.98,1,1,1,1
14201507212318,142016072104,2.00,23.99,59.40,26.55,51.78,1013.87,4.98,1,1,1,1
14201507212318,142016072105,567.00,23.99,59.40,26.55,51.78,1014.25,4.98,1,1,1,0.1
14201507212318,142016072106,7446.00,23.99,59.40,26.55,51.78,1014.65,4.98,1,1,1,0.1
14201507212319,142016072107,9458.00,23.99,59.40,26.55,51.78,1014.94,4.98,1,1,1,0.1
14201507212319,142016072108,17027.00,26.49,51.77,26.55,51.78,1015.58,4.98,1,1,1,0.1
14201507212319,142016072109,33943.00,26.23,51.74,31.67,52.46,1015.84,4.98,1,1,1,1
14201507212320,142016072110,24954.00,31.67,52.46,31.67,39.66,1016.21,4.98,1,1,1,0.1
14201507212320,142016072111,43508.00,31.67,36.24,31.67,38.48,1016.23,4.95,1,1,1,0.1
14201507212320,142016072112,65535.00,31.67,33.98,32.15,31.52,1016.14,4.98,1,1,1,0.1
14201507212321,142016072113,23975.00,31.67,32.84,31.75,28.60,1015.96,4.98,1,1,1,0.1
14201507212321,142016072114,19978.00,31.67,33.98,31.67,30.26,1015.88,4.98,1,1,1,0.1
14201507212322,142016072115,15731.00,31.67,32.84,31.67,29.39,1015.81,4.98,1,1,1,0.1
14201507212322,142016072116,20009.00,31.67,32.91,31.67,29.97,1015.77,4.98,1,1,1,0.1
14201507212322,142016072117,7994.00,31.67,35.96,31.67,32.84,1015.82,4.98,1,1,1,1
14201507212323,142016072118,3580.00,31.67,39.03,31.67,35.47,1015.80,4.98,1,1,1,0.1
14201507212323,142016072119,2313.00,31.67,36.80,31.67,36.87,1015.70,4.98,1,1,1,0.1
14201507212323,142016072120,269.00,31.67,33.98,31.67,31.63,1016.04,4.98,1,1,1,0.1
14201507212324,142016072121,597.00,31.67,37.71,31.67,35.11,1016.33,4.98,1,1,1,0.1
14201507212324,142016072122,501.00,31.67,41.79,31.67,43.97,1016.86,4.97,1,1,1,0.1
14201507212324,142015072123,3157.00,26.55,43.39,31.67,43.97,1015.20,5.04,1,1,1,0.1
14201607262310,142016072600,0.00,23.99,59.40,23.99,51.78,1016.90,5.01,1,1,1,0.1
14201607262311,142016072601,0.00,26.55,51.78,26.55,51.78,1017.12,5.02,1,1,1,0.1
14201607262311,142016072602,0.00,26.55,51.78,26.55,51.78,1017.28,5.01,1,1,1,0.1
14201607262311,142016072603,0.00,23.99,51.44,26.55,51.78,1017.30,5.02,1,1,1,0.1
14201607262312,142016072604,0.00,23.99,59.40,26.55,51.78,1017.18,5.02,1,1,1,0.1
14201607262312,142016072605,26.00,23.99,59.40,26.55,51.78,1017.33,5.02,1,1,1,0.1
14201607262312,142016072606,531.00,23.99,59.40,26.55,51.78,1017.44,5.02,1,1,1,0.1
14201607262313,142016072607,7244.00,23.99,59.40,23.99,59.40,1017.86,5.01,1,1,1,1
14201607262313,142016072608,5490.00,23.99,51.44,23.99,51.44,1018.03,5.01,1,1,1,0.1
14201607262313,142016072609,34843.00,31.67,39.03,31.67,40.55,1018.13,5.02,1,1,1,0.1
14201607262314,142016072610,3129.00,23.35,51.35,23.99,51.44,1018.20,5.01,1,1,1,0.1
14201607262314,142016072611,1943.00,23.99,51.44,23.99,51.44,1018.01,5.02,1,1,1,0.1
14201607262314,142016072612,3202.00,25.91,51.69,26.55,51.78,1017.70,5.02,1,1,1,0.1
14201607262315,142016072613,23170.00,24.95,51.56,26.55,51.78,1017.20,5.01,1,1,1,0.1
14201607262315,142016072614,11652.00,31.67,39.79,31.67,43.97,1017.12,5.01,1,1,1,0.1
14201607262316,142016072615,14713.00,31.67,41.79,31.67,43.97,1016.90,5.02,1,1,1,0.1
14201607262316,142016072616,3906.00,25.91,42.25,26.55,43.39,1016.81,5.02,1,1,1,0.2
14201607262316,142016072617,2296.00,25.27,51.61,26.55,51.78,1016.45,5.01,1,1,1,0.1
14201607262317,142016072618,3219.00,25.41,51.63,26.55,51.78,1016.05,5.01,1,1,1,0.1
14201607262317,142016072619,3092.00,25.13,51.60,26.55,51.78,1015.78,5.01,1,1,1,0.1
14201607262317,142016072620,651.00,24.75,51.54,26.55,51.78,1015.70,5.02,1,1,1,1
14201607262318,142016072621,30.00,25.41,51.63,26.55,51.78,1015.79,5.01,1,1,1,0.1
14201607262318,142016072622,1.00,25.91,51.69,26.55,51.78,1015.58,5.01,1,1,1,0.1
14201607262319,142016072623,1.00,25.91,51.69,26.55,51.78,1015.41,5.01,1,1,1,0.1
14201607272310,142016072700,1.00,25.47,51.64,26.55,51.78,1014.91,5.00,1,1,1,1
14201607272310,142016072701,1.00,24.95,59.56,26.55,51.78,1014.60,5.00,1,1,1,0.1
14201607272311,142016072702,1.00,24.37,59.47,26.55,51.78,1014.18,5.00,1,1,1,0.1
14201607272311,142016072703,1.00,23.73,59.37,26.55,59.79,1013.39,5.00,1,1,1,0.1
14201607272312,142016072704,1.00,23.67,59.35,26.55,59.79,1013.00,5.00,1,1,1,0.1
14201607272312,142016072705,6.00,23.67,59.35,26.55,59.79,1012.19,5.00,1,1,1,0.1
14201607272312,142016072706,211.00,23.67,59.35,26.55,59.79,1012.02,5.00,1,1,1,1
14201607272313,142016072707,690.00,23.35,59.30,26.55,59.79,1011.55,5.01,1,1,1,0.1
14201607272313,142016072708,3729.00,25.45,59.63,26.55,59.79,1011.36,5.01,1,1,1,0.1
14201607272313,142016072709,3810.00,25.91,59.69,26.55,59.79,1011.39,5.01,1,1,1,0.1
14201607272314,142016072710,4446.00,25.97,59.71,26.55,59.79,1011.32,5.01,1,1,1,0.1
14201607272314,142016072711,2254.00,25.91,59.70,26.55,59.79,1011.46,5.01,1,1,1,0.1
14201607272314,142016072712,5847.00,26.39,59.77,26.55,59.79,1011.34,5.01,1,1,1,0.1
14201607272315,142016072713,2382.00,23.35,60.33,26.55,67.44,1011.54,5.01,1,1,1,0.1
14201607272315,142016072714,5573.00,24.47,60.43,26.55,67.44,1011.29,5.01,1,1,1,0.1
14201607272316,142016072715,11099.00,26.53,59.79,26.55,59.79,1011.06,5.01,1,1,1,0.1
14201607272316,142016072716,5862.00,26.53,59.78,26.55,59.79,1010.73,5.01,1,1,1,0.1
14201607272316,142016072717,2313.00,24.01,62.29,23.99,67.00,1010.57,5.03,1,1,1,0.1
14201607272317,142016072718,5063.00,25.97,59.71,26.55,59.79,1010.42,5.03,1,1,1,0.1
14201607272317,142016072719,942.00,26.41,59.78,26.55,59.79,1010.34,5.03,1,1,1,0.1
14201607272317,142016072720,2980.00,23.99,67.00,23.99,67.00,1010.60,5.03,1,1,1,0.1
14201607272318,142016072721,339.00,25.55,59.69,26.55,59.79,1010.75,5.01,1,1,1,0.1
14201607272318,142016072722,352.00,26.03,59.71,26.55,51.78,1011.13,5.01,1,1,1,0.1
14201607272318,142016072723,1.00,25.43,59.63,26.55,51.78,1011.64,5.01,1,1,1,0.1
14201608012310,,,,,,,,,1,1,1,
14201608012310,,,,,,,,,1,1,1,
14201608012310,,,,,,,,,1,1,1,
14201608012310,,,,,,,,,1,1,1,
14201608012310,,,,,,,,,1,1,1,
14201608012310,,,,,,,,,1,1,1,
14201608012310,,,,,,,,,1,1,1,
14201608012310,,,,,,,,,1,1,1,
14201608012310,,,,,,,,,1,1,1,
14201608012310,,,,,,,,,1,1,1,
14201608012310,,,,,,,,,1,1,1,
14201608012310,,,,,,,,,1,1,1,
14201608012310,,,,,,,,,1,1,1,
14201608012310,,,,,,,,,1,1,1,
14201608012310,,,,,,,,,1,1,1,
14201608012310,,,,,,,,,1,1,1,
14201608012310,142016080116,2877.00,22.41,51.23,23.99,51.44,1017.00,5.03,1,1,1,0.1
14201608012311,142016080117,0.00,25.91,59.69,26.55,59.79,1016.44,5.04,1,1,1,0.1
14201608012311,142016080118,1.00,26.07,42.80,26.55,51.78,1012.83,5.03,1,1,1,0.1
14201608012312,142016080119,0.00,24.33,41.08,23.99,51.44,1012.33,5.02,1,1,1,0.1
14201608012312,142016080120,238.00,24.37,51.50,23.99,59.40,1011.58,5.02,1,1,1,0.1
14201608012312,142016080121,1.00,21.81,59.08,21.43,67.00,1010.89,5.02,1,1,1,0.1
14201608012313,142016080122,1.00,21.79,59.07,23.99,67.00,1010.29,5.02,1,1,1,0.1
14201608012313,142016080123,0.00,21.83,59.08,23.99,67.00,1009.45,5.02,1,1,1,0.1
14201608022310,142016080200,0.00,21.91,59.08,23.99,67.00,1008.12,5.02,1,1,1,0.1
14201608022311,142016080201,0.00,21.69,59.06,23.99,67.00,1006.89,5.02,1,1,1,0.1
14201608022311,142016080202,0.00,23.91,59.04,21.43,66.55,1005.99,5.02,1,1,1,0.1
14201608022311,142016080203,0.00,23.95,59.03,21.43,66.55,1005.30,5.02,1,1,1,0.1
14201608022312,142016080204,0.00,23.95,59.04,21.43,66.55,1004.75,5.02,1,1,1,0.1
14201608022312,142016080205,0.00,23.99,59.03,21.43,66.55,1004.47,5.02,1,1,1,1
14201608022312,142016080206,11.00,23.91,59.39,21.43,66.55,1004.16,5.02,1,1,1,0.1
14201608022313,142016080207,90.00,23.93,59.03,21.43,66.55,1004.43,5.02,1,1,1,0.1
14201608022313,142016080208,419.00,21.93,61.96,23.99,74.22,1004.41,5.02,1,1,1,0.1
14201608022313,142016080209,460.00,22.15,62.99,23.99,74.22,1004.59,5.02,1,1,1,0.1
14201608022314,142016080210,542.00,22.39,64.86,23.99,74.22,1004.68,5.03,1,1,1,0.1
14201608022314,142016080211,595.00,22.41,59.52,23.99,74.22,1004.74,5.02,1,1,1,0.1
14201608022314,142016080212,630.00,22.71,62.19,23.99,74.22,1004.80,5.02,1,1,1,0.1
14201608022315,142016080213,502.00,22.67,62.31,23.99,74.22,1004.93,5.02,1,1,1,0.1
14201608022315,142016080214,1968.00,22.89,64.96,23.99,74.22,1004.85,5.02,1,1,1,0.1
14201608022316,142016080215,1462.00,23.35,62.66,23.99,74.22,1004.97,5.02,1,1,1,1
14201608022316,142016080216,1332.00,22.79,62.57,23.99,74.22,1004.96,5.02,1,1,1,0.1
14201608022316,142016080217,552.00,22.85,62.58,23.99,74.22,1004.76,5.02,1,1,1,0.1
14201608022317,142016080218,978.00,22.59,64.90,23.99,74.22,1004.79,5.02,1,1,1,0.1
14201608022317,142016080219,320.00,22.67,70.23,23.99,81.09,1004.56,5.02,1,1,1,0.1
14201608022317,142016080220,262.00,22.39,73.10,23.99,93.71,1004.76,5.02,1,1,1,0.1
14201608022318,142016080221,4.00,22.39,68.09,23.99,81.09,1004.81,5.02,1,1,1,0.1
14201608022318,142016080222,1.00,22.39,67.78,23.99,81.09,1004.95,5.03,1,1,1,0.1
14201608022318,142016080223,1.00,22.39,70.42,23.99,81.09,1004.60,5.02,1,1,1,0.1
14201608032310,142016080300,1.00,22.55,67.78,23.99,81.09,1004.49,5.02,1,1,1,0.1
14201608032311,142016080301,1.00,22.55,67.53,23.99,81.09,1003.85,5.02,1,1,1,0.1
14201608032311,142016080302,1.00,22.47,66.72,23.99,81.09,1003.60,5.02,1,1,1,0.1
14201608032311,142016080303,1.00,22.39,66.83,23.99,81.09,1003.02,5.02,1,1,1,0.1
14201608032312,142016080304,1.00,22.39,66.63,23.99,81.09,1002.78,5.02,1,1,1,0.1
14201608032312,142016080305,1.00,22.13,66.49,23.99,81.09,1002.65,5.03,1,1,1,0.1
14201608032313,142016080306,168.00,22.11,66.42,23.99,81.09,1002.41,5.02,1,1,1,0.1
14201608032313,142016080307,524.00,22.07,66.24,23.99,81.09,1002.42,5.02,1,1,1,0.1
14201608032313,142016080308,3203.00,23.91,62.42,23.99,74.22,1002.76,5.02,1,1,1,0.1
14201608032314,142016080309,3730.00,21.91,63.12,23.99,74.22,1003.15,5.02,1,1,1,0.1
14201608032314,142016080310,6755.00,22.23,59.15,23.99,67.00,1003.10,5.03,1,1,1,1
14201608032314,142016080311,6540.00,22.13,59.13,23.99,67.00,1003.03,5.02,1,1,1,0.1
14201608032315,142016080312,11811.00,23.35,59.30,23.99,67.00,1002.77,5.02,1,1,1,0.1
14201608032315,142016080313,11823.00,24.19,59.44,23.99,59.40,1002.51,5.02,1,1,1,0.1
14201608032315,142016080314,8565.00,24.73,59.52,23.99,59.40,1002.23,5.03,1,1,1,0.1
14201608032316,142016080315,4765.00,24.97,59.56,23.99,59.40,1001.81,5.02,1,1,1,0.1
14201608032316,142016080316,2455.00,25.19,59.59,23.99,59.40,1001.43,5.02,1,1,1,0.1
14201608032317,142016080317,1658.00,25.31,59.60,23.99,59.40,1001.03,5.02,1,1,1,0.1
14201608032317,142016080318,2723.00,25.27,59.60,23.99,59.40,1000.95,5.03,1,1,1,0.1
14201608032317,142016080319,1724.00,25.29,59.60,23.99,67.00,1001.16,5.02,1,1,1,0.1
14201608032318,142016080320,547.00,25.21,59.59,23.99,67.00,1001.51,5.03,1,1,1,0.1
14201608032318,142016080321,8.00,24.95,59.55,23.99,59.40,1002.01,5.02,1,1,1,0.1
14201608032318,142016080322,1.00,24.47,59.47,23.99,67.00,1002.29,5.02,1,1,1,0.1
14201608032319,142016080323,7.00,24.17,59.44,23.99,67.00,1002.47,5.02,1,1,1,1
14201608042310,142016080400,1.00,24.35,59.46,23.99,59.40,1002.67,5.03,1,1,1,0.1
14201608042310,142016080401,0.00,23.99,59.41,23.99,67.00,1002.71,5.02,1,1,1,0.1
14201608042311,142016080402,1.00,23.73,59.37,23.99,59.40,1002.47,5.02,1,1,1,0.1
14201608042311,142016080403,0.00,23.45,59.33,23.99,59.40,1002.38,5.02,1,1,1,0.1
14201608042312,142016080404,1.00,23.35,59.30,23.99,59.40,1002.44,5.02,1,1,1,0.1
14201608042312,142016080405,3.00,23.35,59.30,23.99,59.40,1002.56,5.02,1,1,1,0.1
14201608042312,142016080406,201.00,22.89,59.24,23.99,59.40,1002.69,5.02,1,1,1,0.1
14201608042313,142016080407,698.00,22.81,59.22,23.99,59.40,1003.09,5.02,1,1,1,0.1
14201608042313,142016080408,2148.00,22.95,59.24,23.99,59.40,1003.32,5.02,1,1,1,0.1
14201608042313,142016080409,1595.00,23.35,59.30,23.99,59.40,1003.64,5.02,1,1,1,0.1
14201608042314,142016080410,2419.00,22.99,59.25,23.99,59.40,1003.84,5.02,1,1,1,0.1
14201608042314,142016080411,3910.00,23.91,51.43,23.99,59.40,1003.73,5.02,1,1,1,0.1
14201608042314,142016080412,12632.00,24.29,51.48,23.99,59.40,1003.81,5.03,1,1,1,0.1
14201608042315,142016080413,3835.00,24.55,51.52,23.99,59.40,1003.81,5.03,1,1,1,0.1
14201608042315,142016080414,4389.00,24.57,51.52,23.99,59.40,1003.96,5.02,1,1,1,0.1
14201608042316,142016080415,2698.00,24.55,51.52,23.99,59.40,1004.21,5.03,1,1,1,0.1
14201608042316,142016080416,3146.00,24.95,51.57,23.99,59.40,1004.41,5.02,1,1,1,0.1
14201608042316,142016080417,3823.00,25.21,51.60,23.99,59.40,1004.53,5.04,1,1,1,0.1
14201608042317,142016080418,2800.00,25.31,51.62,23.99,59.40,1005.16,5.04,1,1,1,0.1
14201608042317,142016080419,1427.00,25.25,51.61,23.99,59.40,1005.96,5.04,1,1,1,0.1
14201608042317,142016080420,330.00,24.95,51.56,23.99,59.40,1006.80,5.03,1,1,1,0.1
14201608042318,142016080421,9.00,24.39,51.50,23.99,59.40,1007.63,5.03,1,1,1,0.1
14201608042318,142016080422,1.00,23.99,51.44,23.99,59.40,1008.25,5.04,1,1,1,0.1
14201608042319,142016080423,1.00,23.85,51.78,23.99,59.40,1008.78,5.03,1,1,1,0.1
14201608052310,142016080500,1.00,23.95,59.94,23.99,59.40,1009.32,5.03,1,1,1,0.1
14201608052310,142016080501,2.00,23.67,51.40,23.99,59.40,1009.65,5.03,1,1,1,1
14201608052311,142016080502,1.00,23.47,59.94,23.99,59.40,1010.00,5.03,1,1,1,0.1
14201608052311,142016080503,1.00,23.41,59.94,23.99,59.40,1010.72,5.03,1,1,1,0.1
14201608052312,142016080504,1.00,23.35,51.35,23.99,59.40,1011.18,5.04,1,1,1,0.1
14201608052312,142016080505,4.00,23.35,59.94,23.99,59.40,1011.79,5.03,1,1,1,0.1
14201608052312,142016080506,358.00,22.89,51.29,23.99,59.40,1012.31,5.04,1,1,1,0.1
14201608052313,142016080507,1528.00,22.81,59.23,23.99,59.40,1012.81,5.03,1,1,1,0.1
14201608052313,142016080508,3448.00,22.81,51.29,23.99,59.40,1013.45,5.03,1,1,1,0.1
14201608052313,142016080509,10175.00,23.35,59.30,21.43,59.01,1014.03,5.03,1,1,1,0.1
14201608052314,142016080510,10721.00,21.99,51.18,23.99,59.40,1014.41,5.04,1,1,1,0.1
14201608052314,142016080511,13355.00,23.43,51.37,23.99,59.40,1014.78,5.04,1,1,1,1
14201608052314,142016080512,15952.00,25.11,51.58,23.99,51.44,1014.98,5.03,1,1,1,0.1
14201608052315,142016080513,12129.00,25.41,41.12,23.99,51.44,1015.19,5.03,1,1,1,0.1
14201608052315,142016080514,10120.00,25.91,42.79,23.99,51.44,1015.43,5.04,1,1,1,0.1
14201608052316,142016080515,6364.00,25.91,35.84,23.99,51.44,1015.39,5.04,1,1,1,0.1
14201608052316,142016080516,3811.00,26.23,35.22,23.99,51.44,1015.32,5.04,1,1,1,0.1
14201608052316,142016080517,5183.00,26.01,41.25,23.99,51.44,1015.50,5.04,1,1,1,0.1
14201608052317,142016080518,2711.00,25.91,51.69,23.99,51.44,1015.43,5.03,1,1,1,0.1
14201608052317,142016080519,1847.00,25.57,51.69,23.99,59.40,1015.53,5.04,1,1,1,0.1
14201608052317,142016080520,1025.00,24.95,51.56,23.99,59.40,1016.24,5.04,1,1,1,0.1
14201608052318,142016080521,274.00,24.57,59.49,23.99,59.40,1016.81,5.04,1,1,1,0.1
14201608052318,142016080522,3.00,24.95,51.57,23.99,59.40,1017.44,5.04,1,1,1,0.1
14201608052318,142016080523,2.00,24.95,51.56,23.99,59.40,1017.81,5.03,1,1,1,0.1
14201608062310,142016080600,1.00,25.41,51.63,23.99,59.40,1018.13,5.02,1,1,1,0.1
14201608062311,142016080601,1.00,25.51,60.62,23.99,59.40,1018.50,5.02,1,1,1,0.1
14201608062311,142016080602,1.00,25.51,51.64,23.99,59.40,1018.71,5.02,1,1,1,0.1
14201608062311,142016080603,1.00,25.33,51.62,23.99,59.40,1018.93,5.02,1,1,1,1
14201608062312,142016080604,1.00,25.25,51.61,23.99,59.40,1019.31,5.03,1,1,1,0.1
14201608062312,142016080605,3.00,25.19,51.60,23.99,59.40,1019.64,5.02,1,1,1,0.1
14201608062312,142016080606,315.00,24.95,51.57,23.99,59.40,1020.05,5.02,1,1,1,0.1
14201608062313,142016080607,1000.00,24.75,51.54,23.99,59.40,1020.62,5.02,1,1,1,0.1
14201608062313,142016080608,3022.00,24.95,51.56,23.99,59.40,1021.05,5.02,1,1,1,0.1
14201608062313,142016080609,7268.00,25.23,51.61,23.99,59.40,1021.63,5.02,1,1,1,0.1
14201608062314,142016080610,10197.00,25.99,51.71,23.99,59.40,1021.69,5.02,1,1,1,0.1
14201608062314,142016080611,14108.00,26.43,51.45,26.55,51.78,1021.95,5.02,1,1,1,0.1
14201608062315,142016080612,17302.00,24.95,42.39,26.55,51.78,1022.12,5.02,1,1,1,0.1
14201608062315,142016080613,11640.00,25.91,37.01,26.55,51.78,1022.13,5.02,1,1,1,0.1
14201608062315,142016080614,10765.00,26.39,41.22,26.55,43.39,1021.96,5.02,1,1,1,0.1
14201608062316,142016080615,5682.00,26.05,41.21,26.55,43.39,1022.16,5.02,1,1,1,1
14201608062316,142016080616,3838.00,25.91,35.90,26.55,51.78,1021.57,5.02,1,1,1,0.1
14201608062316,142016080617,2880.00,26.25,43.29,26.55,51.78,1021.58,5.02,1,1,1,0.1
14201608062317,142016080618,2288.00,26.39,38.83,26.55,51.78,1021.33,5.02,1,1,1,0.1
14201608062317,142016080619,1775.00,31.67,52.46,26.55,51.78,1021.22,5.02,1,1,1,0.1
14201608062317,142016080620,580.00,26.23,51.74,26.55,51.78,1021.59,5.03,1,1,1,0.1
14201608062318,142016080621,7.00,25.91,51.69,26.55,51.78,1022.12,5.02,1,1,1,0.1
14201608062318,142016080622,1.00,25.45,51.64,26.55,51.78,1021.91,5.02,1,1,1,0.1
14201608062319,142016080623,1.00,24.63,51.53,26.55,51.78,1021.76,5.02,1,1,1,0.1
14201608072311,142016080700,3.00,24.37,51.50,26.55,59.79,1021.75,5.02,1,1,1,1
14201608072311,142016080701,1.00,24.67,51.54,26.55,59.79,1021.07,5.02,1,1,1,0.1
14201608072311,142016080702,1.00,24.47,51.50,26.55,59.79,1020.44,5.02,1,1,1,0.1
14201608072312,142016080703,1.00,26.53,51.47,26.55,59.79,1020.11,5.02,1,1,1,0.1
14201608072312,142016080704,1.00,26.51,59.79,26.55,59.79,1019.71,5.02,1,1,1,0.1
14201608072312,142016080705,2.00,26.39,59.77,26.55,59.79,1019.52,5.02,1,1,1,0.1
14201608072313,142016080706,140.00,26.23,59.75,23.99,67.00,1019.51,5.02,1,1,1,0.1
14201608072313,142016080707,341.00,26.07,59.74,23.99,67.00,1019.47,5.02,1,1,1,0.1
14201608072313,142016080708,1647.00,26.05,59.74,23.99,67.00,1019.32,5.02,1,1,1,0.1
14201608072314,142016080709,2864.00,26.23,59.74,23.99,67.00,1019.22,5.02,1,1,1,0.1
14201608072314,142016080710,9916.00,24.35,59.46,26.55,67.44,1019.06,5.02,1,1,1,0.1
14201608072315,142016080711,5114.00,25.47,59.63,26.55,67.44,1018.72,5.02,1,1,1,0.1
14201608072315,142016080712,11364.00,25.59,59.69,26.55,67.44,1018.26,5.02,1,1,1,0.1
14201608072315,142016080713,13346.00,31.67,60.58,26.55,59.79,1017.34,5.03,1,1,1,0.1
14201608072316,142016080714,9485.00,31.67,52.46,26.55,59.79,1017.23,5.03,1,1,1,0.1
14201608072316,142016080715,4601.00,31.67,52.46,26.55,59.79,1017.14,5.03,1,1,1,0.1
14201608072316,142016080716,3650.00,31.67,42.27,26.55,51.78,1016.44,5.03,1,1,1,0.1
14201608072317,142016080717,2473.00,31.67,43.49,26.55,51.78,1015.80,5.03,1,1,1,0.1
14201608072317,142016080718,2863.00,31.67,35.47,26.55,51.78,1015.78,5.03,1,1,1,0.1
14201608072318,142016080719,2283.00,31.67,43.43,26.55,51.78,1015.31,5.03,1,1,1,0.1
14201608072318,142016080720,570.00,25.19,41.10,26.55,51.78,1015.23,5.03,1,1,1,0.1
14201608072318,142016080721,6.00,24.71,42.64,26.55,51.78,1015.69,5.03,1,1,1,0.1
14201608072319,142016080722,2.00,26.03,51.71,23.99,51.44,1015.92,5.03,1,1,1,1
14201608072319,142016080723,1.00,26.53,51.78,26.55,51.78,1015.70,5.03,1,1,1,0.1
14201608092312,142016080900,1.00,25.13,41.09,23.99,51.44,1018.52,5.00,1,1,1,0.1
14201608092312,142016080901,1.00,24.95,42.14,23.99,51.44,1018.77,5.01,1,1,1,0.1
14201608092312,142016080902,1.00,24.73,42.72,23.99,51.44,1018.89,5.01,1,1,1,0.1
14201608092313,142016080903,1.00,24.55,42.90,23.99,51.44,1018.93,5.01,1,1,1,0.1
14201608092313,142016080904,1.00,24.23,42.99,23.99,51.44,1018.92,5.01,1,1,1,0.1
14201608092313,142016080905,1.00,24.01,51.44,23.99,51.44,1019.14,5.01,1,1,1,0.1
14201608092314,142016080906,299.00,23.69,51.40,23.99,51.44,1019.35,5.01,1,1,1,0.1
14201608092314,142016080907,1046.00,23.45,42.64,23.99,51.44,1020.09,5.01,1,1,1,0.1
14201608092315,142016080908,3424.00,22.59,34.83,23.99,51.44,1020.40,5.01,1,1,1,0.1
14201608092315,142016080909,7692.00,21.95,34.77,23.99,51.44,1020.75,5.01,1,1,1,0.1
14201608092315,142016080910,10836.00,21.91,40.88,23.99,43.11,1020.86,5.01,1,1,1,0.1
14201608092316,142016080911,14346.00,22.39,35.91,23.99,43.11,1020.87,5.01,1,1,1,0.1
14201608092316,142016080912,12014.00,22.87,32.15,23.99,43.11,1020.50,5.01,1,1,1,0.1
14201608092316,142016080913,10688.00,23.67,30.74,23.99,43.11,1020.20,5.01,1,1,1,0.1
14201608092317,142016080914,5803.00,23.67,32.15,23.99,43.11,1020.12,5.01,1,1,1,0.1
14201608092317,142016080915,3684.00,23.41,35.59,23.99,43.11,1019.74,5.01,1,1,1,0.1
14201608092318,142016080916,3712.00,23.35,36.76,23.99,43.11,1019.28,5.01,1,1,1,0.2
14201608092318,142016080917,3301.00,23.35,36.49,23.99,43.11,1018.81,5.01,1,1,1,0.1
14201608092318,142016080918,1427.00,23.37,36.76,23.99,43.11,1018.70,5.01,1,1,1,0.1
14201608092319,142016080919,1026.00,23.83,38.71,23.99,43.11,1018.63,5.01,1,1,1,0.1
14201608092319,142016080920,406.00,24.01,39.14,23.99,43.11,1018.94,5.01,1,1,1,0.1
14201608092319,142016080921,251.00,24.15,42.06,23.99,43.11,1019.16,5.01,1,1,1,1
14201608092320,142016080922,254.00,24.33,35.27,23.99,51.44,1019.69,5.01,1,1,1,0.1
14201608092320,142016080923,0.00,23.95,42.04,23.99,43.11,1019.64,5.01,1,1,1,0.1
14201608102311,142016081000,0.00,24.11,42.65,23.99,43.11,1019.76,4.98,1,1,1,0.1
14201608102311,142016081001,0.00,23.91,36.07,23.99,51.44,1019.53,4.98,1,1,1,0.1
14201608102311,142016081002,0.00,23.67,37.68,23.99,51.44,1019.32,4.98,1,1,1,0.1
14201608102312,142016081003,0.00,23.35,45.02,23.99,51.44,1019.27,4.98,1,1,1,0.1
14201608102312,142016081004,0.00,22.91,38.88,23.99,51.44,1019.10,4.98,1,1,1,0.1
14201608102312,142016081005,0.00,22.65,39.48,23.99,51.44,1019.15,4.97,1,1,1,0.1
14201608102313,142016081006,53.00,22.41,39.65,23.99,51.44,1019.14,4.98,1,1,1,0.1
14201608102313,142016081007,164.00,22.21,40.79,23.99,51.44,1019.31,4.97,1,1,1,0.1
14201608102313,142016081008,822.00,22.39,42.44,23.99,51.44,1019.60,4.98,1,1,1,0.1
14201608102314,142016081009,6627.00,22.13,42.82,23.99,51.44,1020.04,4.94,1,1,1,0.1
14201608102314,142016081010,8455.00,21.99,42.82,23.99,51.44,1019.91,4.98,1,1,1,0.1
14201608102315,142016081011,9987.00,22.55,41.00,23.99,51.44,1019.93,4.98,1,1,1,0.1
14201608102315,142016081012,22089.00,22.39,39.32,23.99,51.44,1019.94,4.98,1,1,1,0.1
14201608102315,142016081013,5488.00,22.05,40.76,23.99,51.44,1020.11,4.98,1,1,1,0.1
14201608102316,142016081014,5637.00,22.03,39.07,23.99,51.44,1019.92,5.02,1,1,1,0.1
14201608102316,142016081015,6269.00,22.01,38.86,23.99,51.44,1019.49,5.02,1,1,1,1
14201608102316,142016081016,5063.00,21.91,39.12,23.99,51.44,1019.15,5.01,1,1,1,0.1
14201608102317,142016081017,3247.00,22.07,37.53,23.99,51.44,1019.08,5.02,1,1,1,0.1
14201608102317,142016081018,2785.00,21.93,45.02,23.99,51.44,1019.00,5.02,1,1,1,0.1
14201608102317,142016081019,1824.00,22.09,38.95,23.99,51.44,1018.85,5.02,1,1,1,0.1
14201608102318,142016081020,309.00,23.69,38.30,23.99,51.44,1018.72,5.02,1,1,1,0.1
14201608102318,142016081021,278.00,22.05,51.18,23.99,51.44,1018.79,5.02,1,1,1,0.1
14201608102319,142016081022,0.00,21.71,38.91,23.99,51.44,1018.96,5.01,1,1,1,0.1
14201608102319,142016081023,0.00,23.91,42.31,23.99,51.44,1018.60,5.02,1,1,1,0.1
14201608112310,142016081100,0.00,23.99,41.97,23.99,51.44,1018.48,4.98,1,1,1,0.1
14201608112310,142016081101,0.00,23.87,51.11,23.99,51.44,1017.96,4.94,1,1,1,0.1
14201608112311,142016081102,0.00,23.97,51.44,23.99,51.44,1017.83,4.98,1,1,1,0.1
14201608112311,142016081103,0.00,23.87,51.43,23.99,59.40,1017.34,4.98,1,1,1,0.1
14201608112312,142016081104,0.00,23.83,51.41,21.43,59.01,1016.95,4.95,1,1,1,0.1
14201608112312,142016081105,0.00,23.67,51.39,21.43,59.01,1016.90,4.98,1,1,1,0.1
14201608112312,142016081106,6.00,23.67,51.39,21.43,59.01,1016.80,4.95,1,1,1,0.1
14201608112313,142016081107,68.00,23.37,51.37,21.43,59.01,1016.73,4.95,1,1,1,0.1
14201608112313,142016081108,499.00,23.35,59.94,21.43,59.01,1016.65,4.98,1,1,1,0.1
14201608112313,,,,,,,,,1,1,1,0.1
14201608112313,,,,,,,,,1,1,1,0.1
14201608112313,,,,,,,,,1,1,1,0.1
14201608112313,,,,,,,,,1,1,1,0.1
14201608112313,,,,,,,,,1,1,1,0.1
14201608112313,,,,,,,,,1,1,1,0.1
14201608112313,,,,,,,,,1,1,1,0.1
14201608112313,,,,,,,,,1,1,1,0.1
14201608112313,,,,,,,,,1,1,1,0.1
14201608112314,142016081118,1031.00,22.39,59.16,23.99,67.00,1015.96,4.99,1,1,1,0.1
14201608112314,142016081119,669.00,23.35,59.30,23.99,67.00,1016.07,5.00,1,1,1,0.1
14201608112314,142016081120,371.00,22.79,59.23,23.99,67.00,1016.57,4.99,1,1,1,0.1
14201608112315,142016081121,104.00,22.57,59.19,23.99,67.00,1016.85,4.99,1,1,1,0.1
14201608112315,142016081122,1.00,22.57,59.18,23.99,67.00,1017.31,5.00,1,1,1,0.1
14201608112315,142016081123,0.00,22.65,59.20,23.99,67.00,1017.55,4.99,1,1,1,0.1
14201608172310,,,,,,,,,1,1,1,
14201608172310,,,,,,,,,1,1,1,
14201608172310,,,,,,,,,1,1,1,
14201608172310,,,,,,,,,1,1,1,
14201608172310,,,,,,,,,1,1,1,
14201608172310,,,,,,,,,1,1,1,
14201608172310,,,,,,,,,1,1,1,
14201608172310,,,,,,,,,1,1,1,
14201608172310,,,,,,,,,1,1,1,
14201608172310,,,,,,,,,1,1,1,
14201608172310,,,,,,,,,1,1,1,
14201608172310,,,,,,,,,1,1,1,
14201608172310,,,,,,,,,1,1,1,
14201608172310,,,,,,,,,1,1,1,
14201608172310,,,,,,,,,1,1,1,
14201608172310,,,,,,,,,1,1,1,
14201608172310,,,,,,,,,1,1,1,
14201608172310,,,,,,,,,1,1,1,
14201608172310,,,,,,,,,1,1,1,
14201608172310,,,,,,,,,1,1,1,
14201608172310,,,,,,,,,1,1,1,
14201608172310,,,,,,,,,1,1,1,
14201608172310,,,,,,,,,1,1,1,
14201608172310,142016081723,0.00,22.13,59.12,23.99,59.40,1006.82,5.01,1,1,1,0.1
14201608182310,142016081800,0.00,26.29,51.74,23.99,59.40,1006.44,5.02,1,1,1,0.1
14201608182310,142016081801,0.00,26.23,51.73,23.99,59.40,1005.79,5.02,1,1,1,0.1
14201608182311,142016081802,0.00,26.23,51.73,23.99,59.40,1005.35,5.01,1,1,1,0.1
14201608182311,142016081803,0.00,25.91,51.69,23.99,59.40,1005.26,5.02,1,1,1,0.1
14201608182312,142016081804,0.00,25.45,51.64,23.99,59.40,1005.65,5.02,1,1,1,0.1
14201608182312,142016081805,0.00,24.71,51.54,23.99,59.40,1005.52,5.02,1,1,1,0.1
14201608182312,142016081806,12.00,25.31,51.61,23.99,59.40,1005.19,5.02,1,1,1,0.1
14201608182313,142016081807,3488.00,22.69,59.21,23.99,67.00,1004.90,5.02,1,1,1,0.1
14201608182313,142016081808,10264.00,23.67,69.21,21.43,66.55,1004.95,5.02,1,1,1,0.1
14201608182313,142016081809,64708.00,25.41,51.63,31.67,52.46,1004.95,5.02,1,1,1,0.1
14201608182314,142016081810,52978.00,31.67,42.88,31.67,95.67,1005.20,5.02,1,1,1,0.1
14201608182314,142016081811,27550.00,26.41,51.76,26.55,51.78,1005.47,5.02,1,1,1,0.1
14201608182315,142016081812,45977.00,31.67,52.46,31.67,52.46,1005.16,5.01,1,1,1,0.1
14201608182315,142016081813,45585.00,31.67,43.76,31.67,52.46,1005.06,5.01,1,1,1,0.1
14201608182315,142016081814,25398.00,31.67,43.90,31.67,43.97,1005.01,5.02,1,1,1,0.1
14201608182316,142016081815,18681.00,31.67,41.79,31.67,43.97,1004.78,5.01,1,1,1,1
14201608182316,142016081816,13647.00,31.67,40.48,31.67,43.97,1004.65,5.01,1,1,1,0.1
14201608182316,142016081817,7103.00,31.67,42.06,26.55,43.39,1004.74,5.02,1,1,1,0.1
14201608182317,142016081818,5287.00,26.41,40.14,26.55,43.39,1005.00,5.02,1,1,1,0.1
14201608182317,142016081819,3134.00,25.95,43.19,26.55,43.39,1005.04,5.01,1,1,1,0.1
14201608182317,142016081820,1176.00,24.55,51.52,23.99,51.44,1005.18,5.01,1,1,1,0.1
14201608182318,142016081821,13.00,23.35,59.30,21.43,66.55,1005.52,5.02,1,1,1,0.1
14201608182318,142016081822,14.00,21.91,61.96,21.43,73.73,1005.71,5.02,1,1,1,0.1
14201608182318,142016081823,4.00,22.39,59.16,23.99,67.00,1005.42,5.02,1,1,1,0.1
14201608192310,142016081900,1.00,23.83,59.39,23.99,67.00,1005.59,4.98,1,1,1,0.1
14201608192311,142016081901,1.00,24.11,59.43,23.99,67.00,1005.03,4.98,1,1,1,0.1
14201608192311,142016081902,1.00,24.57,59.49,23.99,67.00,1004.79,4.99,1,1,1,0.1
14201608192311,142016081903,1.00,24.33,59.46,23.99,67.00,1004.22,5.00,1,1,1,0.1
14201608192312,142016081904,1.00,23.83,59.38,23.99,67.00,1003.67,5.00,1,1,1,1
14201608192312,142016081905,1.00,24.09,59.43,23.99,67.00,1002.92,5.00,1,1,1,0.1
14201608192313,142016081906,170.00,23.83,63.24,21.43,73.73,1002.88,5.00,1,1,1,1
14201608192313,142016081907,1410.00,23.35,65.14,21.43,73.73,1002.53,5.00,1,1,1,0.1
14201608192313,142016081908,1460.00,23.73,65.10,21.43,73.73,1002.45,5.00,1,1,1,1
14201608192314,142016081909,3900.00,22.69,60.70,23.99,74.22,1002.03,5.00,1,1,1,0.1
14201608192314,142016081910,3031.00,22.95,61.63,23.99,74.22,1001.70,5.00,1,1,1,0.1
14201608192314,142016081911,5481.00,24.47,59.82,23.99,74.22,1001.63,5.00,1,1,1,0.1
14201608192315,142016081912,8788.00,24.95,61.22,23.99,74.22,1001.19,5.00,1,1,1,0.1
14201608192315,142016081913,5779.00,24.09,62.30,23.99,74.22,1000.75,4.97,1,1,1,0.1
14201608192315,142016081914,4381.00,24.17,65.17,23.99,74.22,1000.73,5.00,1,1,1,0.1
14201608192316,142016081915,15964.00,26.29,59.77,23.99,67.00,1000.29,5.00,1,1,1,0.1
14201608192316,142016081916,3431.00,24.79,59.55,23.99,67.00,1000.33,4.96,1,1,1,0.1
14201608192317,142016081917,7746.00,23.35,59.30,23.99,67.00,999.91,5.00,1,1,1,0.1
14201608192317,142016081918,6946.00,22.77,61.31,23.99,74.22,999.60,4.97,1,1,1,0.1
14201608192317,142016081919,3056.00,21.95,65.73,21.43,73.73,999.79,5.00,1,1,1,0.1
14201608192318,142016081920,640.00,21.43,68.15,21.43,80.54,999.91,4.99,1,1,1,0.1
14201608192318,142016081921,539.00,23.35,66.42,21.43,73.73,1000.42,5.02,1,1,1,0.1
14201608192318,142016081922,4.00,23.37,71.19,21.43,73.73,1000.61,5.01,1,1,1,0.1
14201608192319,142016081923,0.00,23.35,60.70,21.43,73.73,1000.89,5.02,1,1,1,0.1
14201608202310,142016082000,1.00,23.35,59.79,21.43,73.73,1000.78,5.00,1,1,1,0.1
14201608202310,142016082001,1.00,22.95,59.41,21.43,73.73,1000.88,5.00,1,1,1,1
14201608202311,142016082002,1.00,22.99,59.25,21.43,73.73,1000.56,5.00,1,1,1,0.1
14201608202311,142016082003,1.00,23.35,59.30,21.43,73.73,1000.46,4.97,1,1,1,0.1
14201608202312,142016082004,1.00,22.95,59.25,21.43,73.73,1000.42,5.00,1,1,1,0.1
14201608202312,142016082005,1.00,22.95,59.24,21.43,73.73,1000.39,5.00,1,1,1,0.1
14201608202312,142016082006,306.00,22.65,59.20,21.43,66.55,1000.33,5.00,1,1,1,0.1
14201608202313,142016082007,2195.00,23.35,59.30,21.43,73.73,1000.28,5.00,1,1,1,0.1
14201608202313,142016082008,5215.00,21.91,59.08,21.43,66.55,1000.30,5.00,1,1,1,0.1
14201608202313,142016082009,8571.00,22.55,59.18,23.99,67.00,1000.37,5.00,1,1,1,0.1
14201608202314,142016082010,4620.00,22.43,59.18,23.99,67.00,1001.05,5.00,1,1,1,0.1
14201608202314,142016082011,867.00,24.23,59.44,23.99,59.40,1001.24,5.00,1,1,1,0.1
14201608202314,142016082012,4138.00,23.35,59.30,23.99,59.40,1001.14,5.02,1,1,1,0.1
14201608202315,142016082013,963.00,23.35,51.35,23.99,59.40,1000.95,5.02,1,1,1,0.1
14201608202315,142016082014,802.00,23.35,59.94,23.99,59.40,1000.98,5.02,1,1,1,0.1
14201608202316,142016082015,451.00,23.35,51.35,23.99,59.40,1001.20,5.02,1,1,1,0.1
14201608202316,142016082016,271.00,22.71,51.27,23.99,59.40,1001.42,5.02,1,1,1,0.1
14201608202316,142016082017,378.00,22.59,51.26,23.99,59.40,1001.65,5.01,1,1,1,0.1
14201608202317,142016082018,240.00,22.57,51.26,23.99,59.40,1001.77,5.02,1,1,1,0.1
14201608202317,142016082019,618.00,23.85,59.38,21.43,66.55,1002.43,5.02,1,1,1,0.1
14201608202317,142016082020,98.00,23.69,59.36,21.43,66.55,1002.82,5.01,1,1,1,0.1
14201608202318,142016082021,1.00,23.67,59.35,21.43,66.55,1003.36,5.01,1,1,1,0.1
14201608202318,142016082022,0.00,23.67,59.35,21.43,66.55,1003.35,5.02,1,1,1,0.1
14201608202319,142016082023,0.00,23.67,59.35,21.43,66.55,1003.58,5.01,1,1,1,0.1
14201608222310,,,,,,,,,1,1,1,
14201608222310,,,,,,,,,1,1,1,
14201608222310,,,,,,,,,1,1,1,
14201608222310,,,,,,,,,1,1,1,
14201608222310,,,,,,,,,1,1,1,
14201608222310,,,,,,,,,1,1,1,
14201608222310,,,,,,,,,1,1,1,
14201608222310,,,,,,,,,1,1,1,
14201608222310,,,,,,,,,1,1,1,
14201608222310,,,,,,,,,1,1,1,
14201608222310,,,,,,,,,1,1,1,
14201608222310,,,,,,,,,1,1,1,
14201608222310,,,,,,,,,1,1,1,
14201608222310,,,,,,,,,1,1,1,
14201608222310,,,,,,,,,1,1,1,
14201608222310,,,,,,,,,1,1,1,
14201608222310,,,,,,,,,1,1,1,
14201608222310,,,,,,,,,1,1,1,
14201608222310,,,,,,,,,1,1,1,
14201608222310,142016082219,566.00,23.35,62.19,23.99,67.00,1018.94,5.02,1,1,1,0.1
14201608222311,142016082220,397.00,23.75,59.37,23.99,67.00,1018.95,5.01,1,1,1,0.1
14201608222311,142016082221,2.00,22.39,59.94,23.99,67.00,1019.51,5.01,1,1,1,0.1
14201608222311,142016082222,3.00,22.65,59.20,23.99,67.00,1019.57,5.01,1,1,1,0.1
14201608222312,142016082223,3.00,22.39,59.15,23.99,67.00,1019.69,5.00,1,1,1,0.1
14201608232310,142016082300,3.00,22.21,59.15,23.99,67.00,1019.82,5.01,1,1,1,0.1
14201608232310,142016082301,2.00,21.95,59.10,23.99,67.00,1019.81,5.01,1,1,1,0.1
14201608232311,142016082302,3.00,22.05,59.10,23.99,67.00,1019.66,5.00,1,1,1,0.1
14201608232311,142016082303,3.00,21.91,59.08,23.99,67.00,1019.54,5.01,1,1,1,0.1
14201608232312,142016082304,2.00,21.73,59.06,23.99,67.00,1019.16,5.01,1,1,1,0.1
14201608232312,142016082305,3.00,23.97,59.39,23.99,67.00,1019.13,5.01,1,1,1,0.1
14201608232312,142016082306,136.00,23.83,59.37,21.43,66.55,1019.38,5.00,1,1,1,0.1
14201608232313,142016082307,781.00,23.73,59.36,21.43,66.55,1019.57,5.00,1,1,1,0.1
14201608232313,142016082308,4615.00,23.93,59.03,23.99,67.00,1019.54,5.01,1,1,1,0.1
14201608232313,142016082309,9195.00,22.89,51.30,23.99,59.40,1019.36,5.01,1,1,1,0.1
14201608232314,142016082310,16064.00,25.55,51.69,26.55,51.78,1019.09,5.01,1,1,1,0.1
14201608232314,142016082311,13964.00,24.51,41.03,26.55,51.78,1018.38,5.01,1,1,1,0.1
14201608232315,142016082312,11518.00,25.91,51.69,26.55,51.78,1017.76,5.01,1,1,1,0.1
14201608232315,142016082313,10495.00,31.67,52.46,26.55,51.78,1017.27,5.01,1,1,1,0.1
14201608232315,142016082314,7847.00,31.67,52.46,26.55,51.78,1016.82,5.01,1,1,1,0.1
14201608232316,142016082315,3702.00,31.67,42.88,31.67,52.46,1016.34,5.01,1,1,1,0.1
14201608232316,142016082316,2217.00,31.67,43.83,26.55,51.78,1015.44,5.01,1,1,1,0.1
14201608232316,142016082317,2098.00,31.67,41.79,26.55,51.78,1015.20,5.01,1,1,1,0.1
14201608232317,142016082318,1982.00,31.67,52.46,26.55,52.46,1015.13,5.01,1,1,1,0.1
14201608232317,142016082319,901.00,31.67,52.46,26.55,51.78,1014.70,5.01,1,1,1,0.1
14201608232317,142016082320,86.00,31.67,52.46,26.55,59.79,1014.73,5.01,1,1,1,1
14201608232318,142016082321,3.00,31.67,52.46,26.55,59.79,1014.64,5.01,1,1,1,0.1
14201608232318,142016082322,4.00,31.67,52.46,26.55,59.79,1014.37,5.01,1,1,1,0.1
14201608232318,142016082323,2.00,26.39,59.78,26.55,59.79,1014.07,5.01,1,1,1,0.1
14201608242310,142016082400,2.00,26.07,59.74,26.55,67.44,1013.85,5.01,1,1,1,1
14201608242311,142016082401,2.00,25.91,59.69,26.55,67.44,1013.50,5.01,1,1,1,0.1
14201608242311,142016082402,2.00,25.51,59.64,26.55,67.44,1013.27,5.01,1,1,1,0.1
14201608242311,142016082403,2.00,25.29,59.61,26.55,67.44,1013.12,5.01,1,1,1,0.1
14201608242312,142016082404,2.00,25.01,59.57,26.55,67.44,1012.91,5.01,1,1,1,0.1
14201608242312,142016082405,1.00,24.95,59.55,26.55,67.44,1012.73,5.01,1,1,1,0.1
14201608242313,142016082406,133.00,24.69,59.51,26.55,67.44,1012.97,5.01,1,1,1,0.1
14201608242313,142016082407,1590.00,24.55,59.49,26.55,67.44,1013.24,5.01,1,1,1,0.1
14201608242313,142016082408,1301.00,24.61,59.50,26.55,67.44,1013.31,5.01,1,1,1,0.1
14201608242314,142016082409,9104.00,25.11,59.57,26.55,67.44,1013.05,5.01,1,1,1,0.1
14201608242314,142016082410,14132.00,31.67,60.58,26.55,59.79,1012.95,5.01,1,1,1,0.1
14201608242314,142016082411,14640.00,31.67,52.46,31.67,60.58,1012.92,5.01,1,1,1,0.1
14201608242315,142016082412,12949.00,31.67,52.46,31.67,60.58,1012.74,5.01,1,1,1,0.1
14201608242315,142016082413,10260.00,31.67,52.46,31.67,60.58,1012.28,5.01,1,1,1,0.1
14201608242316,142016082414,5080.00,31.67,52.46,31.67,52.46,1012.08,5.01,1,1,1,0.1
14201608242316,142016082415,4697.00,31.67,41.79,31.67,52.46,1011.82,5.01,1,1,1,0.1
14201608242316,142016082416,4454.00,31.67,40.21,31.67,52.46,1011.78,5.01,1,1,1,0.1
14201608242317,142016082417,3042.00,31.67,43.90,31.67,52.46,1011.52,5.01,1,1,1,0.1
14201608242317,142016082418,1859.00,31.67,36.80,31.67,95.67,1012.38,5.01,1,1,1,0.1
14201608242317,142016082419,497.00,31.67,52.46,31.67,52.46,1011.45,5.01,1,1,1,0.1
14201608242318,142016082420,213.00,31.67,52.46,31.67,60.58,1012.35,5.01,1,1,1,0.1
14201608242318,142016082421,198.00,31.67,60.58,31.67,60.58,1013.57,5.01,1,1,1,0.1
14201608242318,142016082422,2.00,31.67,60.58,31.67,60.58,1013.90,5.01,1,1,1,0.1
14201608242319,142016082423,2.00,31.67,60.58,26.55,59.79,1012.43,5.01,1,1,1,0.1
14201608252310,142016082500,1.00,31.67,60.58,26.55,67.44,1012.14,5.00,1,1,1,0.1
14201608252311,142016082501,1.00,31.67,60.58,26.55,67.44,1010.96,4.99,1,1,1,0.1
14201608252311,142016082502,1.00,31.67,60.58,26.55,67.44,1011.53,5.00,1,1,1,0.1
14201608252311,142016082503,1.00,31.67,60.58,26.55,67.44,1011.80,5.00,1,1,1,0.1
14201608252312,142016082504,1.00,31.67,60.58,26.55,67.44,1012.07,5.00,1,1,1,0.1
14201608252312,142016082505,1.00,31.67,60.58,26.55,67.44,1011.80,5.00,1,1,1,0.1
14201608252312,142016082506,9.00,31.67,60.58,26.55,67.44,1011.47,5.00,1,1,1,0.1
14201608252313,142016082507,168.00,31.67,60.58,26.55,67.44,1011.28,5.00,1,1,1,0.1
14201608252313,142016082508,331.00,25.11,59.57,26.55,67.44,1010.84,5.00,1,1,1,0.1
14201608252313,142016082509,4232.00,25.91,59.69,26.55,67.44,1010.51,5.01,1,1,1,0.1
14201608252314,142016082510,15122.00,31.67,60.58,31.67,60.58,1010.45,5.01,1,1,1,0.1
14201608252314,142016082511,7839.00,31.67,60.58,31.67,60.58,1010.35,5.01,1,1,1,0.1
14201608252315,142016082512,10399.00,31.67,60.58,31.67,60.58,1010.17,5.01,1,1,1,0.1
14201608252315,142016082513,3013.00,31.67,60.58,26.55,67.44,1009.58,5.01,1,1,1,0.1
14201608252315,142016082514,3603.00,31.67,60.58,26.55,67.44,1009.74,5.01,1,1,1,0.1
14201608252316,142016082515,5454.00,31.67,60.58,31.67,68.33,1009.58,5.01,1,1,1,0.1
14201608252316,142016082516,4973.00,31.67,60.58,31.67,68.33,1008.95,5.01,1,1,1,0.1
14201608252316,142016082517,3735.00,31.67,60.58,31.67,60.58,1008.21,5.01,1,1,1,0.1
14201608252317,142016082518,2632.00,31.67,60.58,31.67,68.33,1008.05,5.01,1,1,1,0.1
14201608252317,142016082519,969.00,31.67,60.58,31.67,68.33,1008.52,5.01,1,1,1,0.1
14201608252318,142016082520,58.00,31.67,60.58,26.55,67.44,1008.51,5.01,1,1,1,0.1
14201608252318,142016082521,2.00,31.67,60.58,26.55,67.44,1009.07,5.01,1,1,1,0.1
14201608252318,142016082522,2.00,31.67,60.58,26.55,67.44,1008.51,5.01,1,1,1,0.1
14201608252319,142016082523,2.00,31.67,60.58,26.55,67.44,1008.31,5.00,1,1,1,0.1
14201608262310,142016082600,2.00,31.67,60.58,26.55,67.44,1009.16,4.96,1,1,1,1
14201608262311,142016082601,2.00,31.67,64.01,26.55,74.72,1009.24,5.00,1,1,1,0.1
14201608262311,142016082602,2.00,31.67,67.92,26.55,74.72,1009.71,4.99,1,1,1,0.1
14201608262311,142016082603,2.00,31.67,61.01,26.55,67.44,1009.86,5.00,1,1,1,0.1
14201608262312,142016082604,2.00,31.67,60.58,26.55,67.44,1009.17,5.00,1,1,1,0.1
14201608262312,142016082605,2.00,31.67,60.58,26.55,67.44,1010.10,5.00,1,1,1,0.1
14201608262312,142016082606,54.00,31.67,60.58,26.55,67.44,1010.88,5.00,1,1,1,0.1
14201608262313,142016082607,854.00,31.67,60.58,26.55,67.44,1011.61,5.00,1,1,1,0.1
14201608262313,142016082608,5162.00,26.49,59.79,26.55,59.79,1011.93,5.00,1,1,1,0.1
14201608262314,142016082609,11759.00,31.67,52.46,26.55,59.79,1012.56,4.99,1,1,1,0.1
14201608262314,142016082610,7427.00,31.67,52.46,26.55,59.79,1013.14,5.01,1,1,1,0.1
14201608262314,142016082611,7127.00,31.67,52.46,31.67,52.46,1013.29,5.01,1,1,1,0.1
14201608262315,142016082612,14518.00,31.67,52.46,31.67,52.46,1013.12,5.01,1,1,1,0.1
14201608262315,142016082613,14795.00,31.67,38.69,31.67,52.46,1013.09,5.01,1,1,1,0.1
14201608262315,142016082614,11903.00,31.67,29.39,31.67,43.97,1013.33,5.01,1,1,1,0.1
14201608262316,142016082615,5617.00,31.67,28.74,31.67,35.11,1013.25,5.01,1,1,1,0.1
14201608262316,142016082616,3540.00,31.67,33.34,31.67,35.11,1013.18,5.01,1,1,1,0.1
14201608262316,142016082617,3232.00,31.67,27.65,31.67,35.11,1012.93,5.01,1,1,1,0.1
14201608262317,142016082618,2945.00,31.67,30.12,26.55,43.39,1013.17,5.01,1,1,1,0.1
14201608262317,142016082619,1752.00,31.67,32.91,26.55,43.39,1013.37,5.01,1,1,1,0.1
14201608262318,142016082620,77.00,31.67,37.57,26.55,43.39,1013.80,5.01,1,1,1,0.1
14201608262318,142016082621,3.00,31.67,35.68,26.55,51.78,1014.35,5.01,1,1,1,0.1
14201608262318,142016082622,3.00,25.57,41.20,26.55,43.39,1014.76,5.01,1,1,1,0.1
14201608262319,142016082623,3.00,24.99,42.28,26.55,43.39,1014.79,5.01,1,1,1,0.1
14201608272310,142016082700,3.00,24.37,42.13,26.55,43.39,1014.81,4.99,1,1,1,1
14201608272311,142016082701,3.00,26.23,43.00,23.99,51.44,1014.81,4.99,1,1,1,0.2
14201608272311,142016082702,3.00,25.45,42.34,23.99,51.44,1014.52,4.99,1,1,1,0.1
14201608272311,142016082703,3.00,24.95,51.56,23.99,59.40,1014.28,4.99,1,1,1,0.1
14201608272312,142016082704,3.00,24.37,51.50,23.99,59.40,1013.99,4.99,1,1,1,0.1
14201608272312,142016082705,10.00,24.47,59.47,23.99,59.40,1013.62,4.99,1,1,1,0.1
14201608272312,142016082706,70.00,23.97,59.40,23.99,67.00,1013.30,4.99,1,1,1,0.1
14201608272313,142016082707,1657.00,23.83,59.37,23.99,67.00,1013.26,4.99,1,1,1,0.1
14201608272313,142016082708,6577.00,24.27,59.45,23.99,67.00,1013.28,4.99,1,1,1,0.1
14201608272313,142016082709,17930.00,25.01,59.57,23.99,67.00,1012.59,4.99,1,1,1,0.1
14201608272314,142016082710,6236.00,24.47,51.50,26.55,59.79,1012.49,4.99,1,1,1,0.1
14201608272314,142016082711,8683.00,25.33,59.62,26.55,59.79,1011.84,5.00,1,1,1,0.1
14201608272315,142016082712,10157.00,25.91,59.69,26.55,59.79,1011.10,4.99,1,1,1,0.1
14201608272315,142016082713,5787.00,31.67,60.58,26.55,59.79,1010.15,4.97,1,1,1,0.1
14201608272315,142016082714,4682.00,31.67,60.58,26.55,59.79,1009.12,4.97,1,1,1,0.1
14201608272316,142016082715,4023.00,31.67,60.58,26.55,59.79,1008.66,4.97,1,1,1,0.1
14201608272316,142016082716,3821.00,31.67,60.58,26.55,59.79,1008.14,5.01,1,1,1,0.1
14201608272316,142016082717,2920.00,31.67,60.58,26.55,59.79,1007.93,5.01,1,1,1,0.1
14201608272317,142016082718,2083.00,31.67,71.56,26.55,59.79,1007.42,5.01,1,1,1,0.1
14201608272317,142016082719,606.00,26.49,59.79,26.55,67.44,1007.08,5.01,1,1,1,0.1
14201608272318,142016082720,44.00,26.39,59.77,26.55,67.44,1007.31,5.01,1,1,1,0.1
14201608272318,142016082721,2.00,26.29,59.77,26.55,67.44,1007.33,5.01,1,1,1,0.1
14201608272318,142016082722,2.00,26.07,59.74,26.55,67.44,1007.44,5.01,1,1,1,0.1
14201608272319,142016082723,2.00,25.91,59.70,26.55,67.44,1007.17,5.01,1,1,1,0.1
14201608282310,142016082800,2.00,26.23,59.75,26.55,67.44,1006.63,4.99,1,1,1,1
14201608282311,142016082801,2.00,26.23,59.74,26.55,67.44,1006.62,4.99,1,1,1,0.1
14201608282311,142016082802,2.00,26.07,59.74,26.55,67.44,1006.16,4.99,1,1,1,0.1
14201608282312,142016082803,2.00,25.95,59.71,26.55,67.44,1006.10,4.99,1,1,1,1
14201608282312,142016082804,2.00,25.91,59.69,26.55,67.44,1006.20,4.99,1,1,1,0.1
14201608282312,142016082805,2.00,25.33,59.61,26.55,67.44,1006.35,5.00,1,1,1,0.1
14201608282313,142016082806,16.00,25.03,59.57,26.55,59.79,1006.82,4.99,1,1,1,0.1
14201608282313,142016082807,575.00,24.95,59.55,26.55,59.79,1007.01,5.00,1,1,1,0.1
14201608282313,142016082808,3807.00,25.03,59.57,26.55,59.79,1006.99,4.99,1,1,1,0.1
14201608282314,142016082809,4592.00,24.99,59.57,26.55,59.79,1007.34,4.99,1,1,1,0.1
14201608282314,142016082810,1441.00,25.01,51.57,26.55,59.79,1007.45,4.97,1,1,1,0.1
14201608282314,142016082811,2089.00,24.95,59.55,26.55,67.44,1007.67,4.99,1,1,1,0.1
14201608282315,142016082812,2987.00,24.55,59.49,26.55,67.44,1007.76,4.95,1,1,1,0.1
14201608282315,142016082813,13313.00,25.43,59.62,26.55,67.44,1007.68,4.99,1,1,1,0.1
14201608282316,142016082814,6890.00,26.29,59.77,23.99,67.00,1008.15,4.96,1,1,1,0.1
14201608282316,142016082815,2195.00,24.27,59.45,26.55,67.44,1008.19,4.98,1,1,1,0.1
14201608282316,142016082816,3722.00,24.95,59.55,26.55,67.44,1008.45,4.99,1,1,1,0.1
14201608282317,142016082817,1601.00,24.65,59.51,26.55,67.44,1008.52,4.99,1,1,1,0.1
14201608282317,142016082818,1307.00,24.47,59.49,26.55,67.44,1008.65,4.99,1,1,1,0.1
14201608282317,142016082819,559.00,26.49,59.41,23.99,67.00,1008.95,4.99,1,1,1,0.1
14201608282318,142016082820,24.00,26.39,59.77,23.99,67.00,1009.51,4.99,1,1,1,0.1
14201608282318,142016082821,2.00,26.01,59.72,23.99,67.00,1010.12,4.99,1,1,1,0.1
14201608282318,142016082822,2.00,25.91,59.70,23.99,67.00,1010.44,4.99,1,1,1,0.1
14201608282319,142016082823,2.00,25.91,59.69,23.99,67.00,1010.88,4.97,1,1,1,0.1
14201608292310,142016082900,2.00,25.91,59.69,23.99,67.00,1011.27,4.99,1,1,1,0.1
14201608292311,142016082901,2.00,25.91,59.69,23.99,67.00,1011.93,5.00,1,1,1,0.1
14201608292311,142016082902,2.00,25.91,59.69,23.99,67.00,1012.14,4.99,1,1,1,0.1
14201608292312,142016082903,2.00,25.53,59.69,23.99,67.00,1012.77,5.00,1,1,1,0.1
14201608292312,142016082904,2.00,25.27,59.60,23.99,67.00,1013.39,4.99,1,1,1,0.1
14201608292312,142016082905,2.00,25.15,59.58,23.99,67.00,1013.96,4.96,1,1,1,0.1
14201608292313,142016082906,33.00,25.01,59.57,23.99,67.00,1014.72,4.98,1,1,1,0.1
14201608292313,142016082907,380.00,24.79,59.55,23.99,67.00,1015.30,4.96,1,1,1,0.1
14201608292313,142016082908,5225.00,25.19,59.59,23.99,59.40,1015.85,4.98,1,1,1,0.1
14201608292314,142016082909,10540.00,26.07,51.71,23.99,59.40,1016.39,4.97,1,1,1,0.1
14201608292314,142016082910,2370.00,24.65,51.53,26.55,59.79,1016.88,4.99,1,1,1,0.1
14201608292314,142016082911,16783.00,26.25,51.74,26.55,51.78,1017.17,4.97,1,1,1,0.1
14201608292315,142016082912,9288.00,24.95,51.56,26.55,59.79,1017.41,4.99,1,1,1,0.1
14201608292315,142016082913,14033.00,26.01,51.73,23.99,59.40,1017.42,4.99,1,1,1,0.1
14201608292316,142016082914,3310.00,24.51,51.51,26.55,59.79,1017.50,4.99,1,1,1,0.1
14201608292316,142016082915,3200.00,26.55,51.77,26.55,59.79,1017.48,4.98,1,1,1,0.1
14201608292316,142016082916,3042.00,26.29,51.75,26.55,51.78,1017.40,5.00,1,1,1,0.1
14201608292317,142016082917,2557.00,26.05,43.07,23.99,51.44,1017.42,4.99,1,1,1,0.1
14201608292317,142016082918,2115.00,25.95,39.68,23.99,51.44,1017.73,4.99,1,1,1,0.1
14201608292317,142016082919,1114.00,25.91,39.20,23.99,51.44,1018.02,5.00,1,1,1,0.1
14201608292318,142016082920,25.00,25.45,42.20,23.99,51.44,1018.52,5.00,1,1,1,0.1
14201608292318,142016082921,2.00,25.51,51.64,23.99,51.44,1019.00,4.99,1,1,1,0.1
14201608292319,142016082922,2.00,25.91,51.69,23.99,59.40,1019.26,4.99,1,1,1,0.1
14201608292319,142016082923,2.00,25.91,51.69,23.99,59.40,1019.72,4.99,1,1,1,0.1
14201608302310,142016083000,2.00,25.51,51.65,23.99,59.40,1019.85,5.00,1,1,1,0.1
14201608302311,142016083001,2.00,25.41,51.62,23.99,59.40,1020.06,5.00,1,1,1,0.1
14201608302311,142016083002,2.00,25.15,51.60,23.99,59.40,1020.02,4.99,1,1,1,0.1
14201608302311,142016083003,2.00,25.13,51.59,23.99,59.40,1019.72,5.00,1,1,1,0.1
14201608302312,142016083004,2.00,24.75,51.54,23.99,59.40,1019.78,5.00,1,1,1,0.1
14201608302312,142016083005,2.00,24.55,51.51,23.99,59.40,1019.81,5.00,1,1,1,0.1
14201608302313,142016083006,56.00,24.37,51.50,23.99,59.40,1019.97,4.99,1,1,1,0.1
14201608302313,142016083007,731.00,24.25,51.48,23.99,59.40,1020.18,4.99,1,1,1,0.1
14201608302313,142016083008,5125.00,23.83,51.42,23.99,59.40,1020.22,4.98,1,1,1,0.1
14201608302314,142016083009,12275.00,25.31,51.62,23.99,59.40,1020.49,4.96,1,1,1,0.1
14201608302314,142016083010,30876.00,31.67,41.79,31.67,82.74,1020.57,4.96,1,1,1,0.1
14201608302314,142016083011,16348.00,31.67,36.94,31.67,43.97,1020.43,4.99,1,1,1,0.1
14201608302315,142016083012,12985.00,31.67,43.90,24.95,42.68,1019.98,4.99,1,1,1,0.1
14201608302315,142016083013,10718.00,31.67,42.27,26.55,43.39,1019.75,5.00,1,1,1,0.1
14201608302315,142016083014,10409.00,31.67,43.97,26.07,39.97,1019.07,4.96,1,1,1,0.1
14201608302316,142016083015,4795.00,31.67,36.24,26.55,51.78,1018.36,5.00,1,1,1,0.1
14201608302316,142016083016,2754.00,25.99,42.46,26.55,43.39,1017.83,5.00,1,1,1,0.1
14201608302317,142016083017,2613.00,25.91,42.28,26.55,43.39,1017.16,5.00,1,1,1,0.1
14201608302317,142016083018,2487.00,25.43,37.03,26.55,51.78,1016.86,5.00,1,1,1,0.1
14201608302317,142016083019,1008.00,25.13,39.40,26.55,51.78,1016.84,4.96,1,1,1,0.1
14201608302318,142016083020,22.00,24.77,41.25,26.55,51.78,1017.18,5.00,1,1,1,0.1
14201608302318,142016083021,3.00,24.37,42.88,26.55,51.78,1017.31,5.00,1,1,1,0.1
14201608302318,142016083022,2.00,26.49,51.46,26.55,51.78,1017.43,5.00,1,1,1,0.1
14201608302319,142016083023,2.00,24.23,51.47,26.55,51.78,1017.17,5.00,1,1,1,0.1
14201608312310,142016083100,2.00,26.41,51.77,26.55,51.78,1016.74,5.01,1,1,1,0.1
14201608312311,142016083101,2.00,26.23,51.74,23.99,51.44,1016.30,5.01,1,1,1,0.1
14201608312311,142016083102,2.00,26.23,51.73,23.99,59.40,1016.17,5.00,1,1,1,0.1
14201608312311,142016083103,2.00,25.91,51.70,23.99,59.40,1015.62,5.01,1,1,1,0.1
14201608312312,142016083104,2.00,25.91,51.69,23.99,59.40,1015.27,5.01,1,1,1,0.1
14201608312312,142016083105,2.00,25.91,51.69,23.99,59.40,1015.12,5.00,1,1,1,0.1
14201608312313,142016083106,34.00,25.43,51.64,23.99,59.40,1015.06,5.00,1,1,1,0.1
14201608312313,142016083107,868.00,25.11,51.59,23.99,59.40,1014.99,5.01,1,1,1,0.1
14201608312313,142016083108,5737.00,25.39,51.63,23.99,59.40,1015.03,5.00,1,1,1,0.1
14201608312314,142016083109,3362.00,26.07,51.73,23.99,51.44,1015.15,5.00,1,1,1,0.1
14201608312314,142016083110,19266.00,24.79,51.56,26.29,51.71,1015.14,5.01,1,1,1,0.1
14201608312314,142016083111,22991.00,31.67,52.46,26.55,51.78,1015.29,5.00,1,1,1,1
14201608312315,142016083112,7323.00,25.21,51.61,26.55,51.78,1015.22,5.01,1,1,1,0.1
14201608312315,142016083113,13018.00,25.53,51.64,26.55,51.78,1015.04,5.01,1,1,1,0.1
14201608312315,142016083114,6235.00,26.39,51.76,26.55,51.78,1014.63,5.01,1,1,1,0.1
14201608312316,142016083115,1211.00,25.47,51.64,26.55,51.78,1014.99,5.01,1,1,1,0.1
14201608312316,142016083116,2478.00,24.95,51.56,26.55,59.79,1014.98,5.00,1,1,1,0.1
14201608312317,142016083117,2756.00,24.57,51.52,26.55,59.79,1014.83,5.00,1,1,1,0.1
14201608312317,142016083118,1408.00,24.49,59.49,26.55,59.79,1014.80,5.00,1,1,1,0.1
14201608312317,142016083119,889.00,26.49,59.44,26.55,67.44,1014.81,5.00,1,1,1,0.1
14201608312318,142016083120,13.00,26.23,59.74,23.99,67.00,1015.67,5.01,1,1,1,0.1
14201608312318,142016083121,2.00,25.91,59.70,23.99,67.00,1016.22,5.01,1,1,1,0.1
14201608312318,142016083122,2.00,25.91,59.69,23.99,59.40,1016.52,5.01,1,1,1,0.1
14201608312319,142016083123,2.00,25.43,51.64,23.99,59.40,1016.62,5.01,1,1,1,0.1
14201609012310,142016090100,2.00,25.51,51.64,23.99,59.40,1016.60,5.00,1,1,1,0.1
14201609012310,142016090101,3.00,25.39,51.63,23.99,59.40,1016.83,4.99,1,1,1,0.1
14201609012311,142016090102,3.00,25.15,51.60,23.99,59.40,1017.25,5.00,1,1,1,0.1
14201609012311,142016090103,2.00,25.01,51.57,23.99,59.40,1017.33,4.99,1,1,1,0.1
14201609012312,142016090104,2.00,24.95,51.56,23.99,59.40,1017.28,4.99,1,1,1,0.1
14201609012312,142016090105,2.00,24.69,51.54,23.99,59.40,1017.28,5.00,1,1,1,0.1
14201609012312,,,,,,,,,1,1,1,0.1
14201609012312,,,,,,,,,1,1,1,0.1
14201609012312,,,,,,,,,1,1,1,0.1
14201609012312,142016090109,10823.00,22.67,59.20,23.99,59.40,1018.88,5.08,1,1,1,0.1
14201609012313,142016090110,47347.00,31.67,39.03,32.31,68.45,1019.10,5.08,1,1,1,0.1
14201609012313,142016090111,17032.00,31.67,41.79,31.67,43.97,1019.01,5.08,1,1,1,0.1
14201609012313,142016090112,6176.00,25.91,51.69,26.55,51.78,1018.79,5.08,1,1,1,1
14201609012314,142016090113,16107.00,24.51,42.10,26.55,51.78,1018.32,5.08,1,1,1,0.1
14201609012314,142016090114,11240.00,24.59,39.20,26.55,51.78,1017.76,5.08,1,1,1,0.1
14201609012315,142016090115,5155.00,24.95,39.11,26.55,51.78,1017.45,5.08,1,1,1,0.1
14201609012315,142016090116,3034.00,24.47,38.98,26.55,51.78,1017.14,5.08,1,1,1,1
14201609012315,142016090117,2030.00,24.37,38.90,26.55,51.78,1016.71,5.08,1,1,1,0.1
14201609012316,142016090118,2010.00,26.53,35.46,26.55,51.78,1016.52,5.08,1,1,1,0.1
14201609012316,142016090119,1183.00,26.55,39.54,23.99,51.78,1016.39,5.08,1,1,1,0.1
14201609012316,142016090120,10.00,25.93,51.70,23.99,51.44,1016.30,5.08,1,1,1,0.1
14201609012317,142016090121,1.00,25.25,51.61,23.99,59.40,1016.36,5.08,1,1,1,1
14201609012317,142016090122,2.00,24.33,51.50,23.99,59.40,1016.63,5.08,1,1,1,0.1
14201609012317,142016090123,2.00,23.83,51.41,23.99,59.40,1016.38,5.08,1,1,1,0.1
14201609022311,142016090200,2.00,23.91,51.43,23.99,59.40,1016.27,5.04,1,1,1,0.1
14201609022311,142016090201,2.00,23.67,59.94,23.99,59.40,1015.90,5.04,1,1,1,0.1
14201609022312,142016090202,2.00,23.67,51.39,23.99,59.40,1015.58,5.04,1,1,1,0.1
14201609022312,142016090203,2.00,22.91,51.30,23.99,59.40,1014.55,5.00,1,1,1,1
14201609022312,142016090204,2.00,22.73,51.28,23.99,59.40,1014.66,5.04,1,1,1,0.1
14201609022313,142016090205,2.00,21.91,59.08,23.99,67.00,1014.26,5.04,1,1,1,0.1
14201609022313,142016090206,12.00,23.95,59.39,21.43,66.55,1014.25,5.04,1,1,1,0.1
14201609022314,142016090207,923.00,23.35,59.30,21.43,66.55,1014.21,5.02,1,1,1,0.1
14201609022314,142016090208,1841.00,22.85,59.23,21.43,66.55,1014.27,5.04,1,1,1,0.1
14201609022314,142016090209,4355.00,23.67,59.35,21.43,66.55,1014.31,5.04,1,1,1,0.1
14201609022315,142016090210,5194.00,22.13,59.12,23.99,67.00,1014.08,5.04,1,1,1,0.1
14201609022315,142016090211,1894.00,22.39,59.15,23.99,67.00,1013.78,5.04,1,1,1,0.1
14201609022315,142016090212,2575.00,22.23,59.15,23.99,67.00,1013.63,5.04,1,1,1,0.1
14201609022316,142016090213,3933.00,22.63,59.20,23.99,67.00,1013.15,5.04,1,1,1,0.1
14201609022316,142016090214,2687.00,22.71,59.20,23.99,67.00,1012.87,5.04,1,1,1,0.1
14201609022316,142016090215,2437.00,22.59,59.19,23.99,67.00,1013.06,5.04,1,1,1,0.1
14201609022317,142016090216,1352.00,22.01,62.50,23.99,74.22,1012.27,5.02,1,1,1,0.1
14201609022317,142016090217,1798.00,21.75,64.76,23.99,74.22,1012.23,5.04,1,1,1,0.1
14201609022318,142016090218,514.00,23.93,61.89,21.43,73.73,1012.44,5.04,1,1,1,0.1
14201609022318,142016090219,99.00,23.35,65.02,21.43,73.73,1012.22,5.04,1,1,1,0.1
14201609022318,142016090220,4.00,23.35,63.50,21.43,73.73,1012.62,5.03,1,1,1,0.1
14201609022319,142016090221,2.00,23.35,62.96,21.43,73.73,1012.94,5.03,1,1,1,0.1
14201609022319,142016090222,2.00,23.35,61.59,21.43,73.73,1013.05,5.03,1,1,1,0.1
14201609022319,142016090223,2.00,23.35,66.07,21.43,73.73,1013.07,5.00,1,1,1,1
14201609032310,142016090300,2.00,23.35,62.66,21.43,73.73,1013.23,5.05,1,1,1,0.1
14201609032311,142016090301,2.00,23.35,59.30,21.43,66.55,1012.94,5.05,1,1,1,0.1
14201609032311,142016090302,2.00,23.01,59.30,21.43,66.55,1012.70,5.05,1,1,1,1
14201609032311,142016090303,1.00,22.73,59.21,21.43,66.55,1012.71,5.05,1,1,1,0.1
14201609032312,142016090304,2.00,22.55,59.19,21.43,113.69,1012.90,5.05,1,1,1,0.1
14201609032312,142016090305,1.00,22.17,59.12,21.43,66.55,1012.79,5.05,1,1,1,0.1
14201609032312,142016090306,14.00,21.95,59.10,21.43,113.69,1012.84,5.05,1,1,1,0.1
14201609032313,142016090307,704.00,21.93,59.09,21.43,113.69,1013.15,5.05,1,1,1,0.1
14201609032313,142016090308,5857.00,21.73,59.06,21.43,66.55,1012.86,5.05,1,1,1,0.1
14201609032314,142016090309,15610.00,21.91,59.08,23.67,59.40,1012.57,5.05,1,1,1,0.1
14201609032314,142016090310,65535.00,31.67,36.03,31.67,68.33,1012.31,5.05,1,1,1,0.1
14201609032314,142016090311,28554.00,24.99,42.21,31.67,43.97,1011.81,5.05,1,1,1,0.1
14201609032315,142016090312,11150.00,23.35,51.35,23.99,59.40,1011.21,5.05,1,1,1,1
14201609032315,142016090313,1231.00,22.21,59.15,23.99,59.40,1010.82,5.05,1,1,1,0.1
14201609032315,142016090314,4810.00,21.77,59.07,23.99,67.00,1009.72,5.05,1,1,1,0.1
14201609032316,142016090315,4908.00,22.81,59.22,23.99,114.55,1009.10,5.05,1,1,1,0.1
14201609032316,142016090316,2849.00,22.57,59.19,23.99,114.55,1008.28,5.05,1,1,1,0.1
14201609032316,142016090317,707.00,23.91,60.69,21.43,73.73,1008.25,5.05,1,1,1,0.1
14201609032317,142016090318,275.00,22.55,63.42,21.43,73.73,1007.66,5.05,1,1,1,0.1
14201609032317,142016090319,39.00,21.91,72.06,21.43,80.54,1006.02,5.05,1,1,1,0.1
14201609032318,142016090320,6.00,22.15,72.53,21.43,80.54,1006.97,5.05,1,1,1,0.1
14201609032318,142016090321,1.00,21.77,71.03,21.43,80.54,1007.03,5.05,1,1,1,0.1
14201609032318,142016090322,1.00,22.05,72.96,21.43,93.06,1006.65,5.05,1,1,1,0.1
14201609032319,142016090323,1.00,21.93,74.04,21.43,93.06,1005.82,5.05,1,1,1,0.1
14201609052310,142016090500,1.00,22.63,59.19,21.43,113.69,1011.86,5.05,1,1,1,0.1
14201609052311,142016090501,1.00,22.39,60.60,21.43,67.58,1012.00,5.05,1,1,1,0.1
14201609052311,142016090502,2.00,22.15,62.00,21.43,69.28,1012.23,5.05,1,1,1,0.1
14201609052311,142016090503,2.00,22.21,61.28,21.43,68.32,1012.43,5.05,1,1,1,0.1
14201609052312,142016090504,2.00,22.39,62.03,21.43,68.49,1012.66,5.06,1,1,1,0.1
14201609052312,142016090505,1.00,22.39,61.41,21.43,69.28,1012.29,5.06,1,1,1,0.1
14201609052312,142016090506,3.00,22.39,62.80,21.43,69.96,1012.61,5.05,1,1,1,0.1
14201609052313,142016090507,321.00,22.45,64.87,21.43,71.97,1012.92,5.06,1,1,1,0.1
14201609052313,142016090508,1041.00,22.55,64.89,21.43,71.97,1012.82,5.05,1,1,1,0.1
14201609052314,142016090509,1135.00,22.45,65.81,21.43,73.02,1013.05,5.06,1,1,1,0.1
14201609052314,142016090510,1590.00,22.79,66.54,21.43,73.73,1013.28,5.06,1,1,1,0.1
14201609052314,142016090511,2273.00,22.95,69.78,21.43,67.58,1013.80,5.05,1,1,1,0.1
14201609052315,142016090512,2263.00,23.35,73.85,21.43,70.97,1013.96,5.05,1,1,1,1
14201609052315,142016090513,47951.00,23.49,67.60,21.43,93.06,1014.23,5.04,1,1,1,0.1
14201609052315,142016090514,65535.00,21.43,74.27,21.43,96.49,1014.48,5.05,1,1,1,0.1
14201609052316,142016090515,65535.00,21.67,78.92,21.43,97.55,1014.41,5.05,1,1,1,0.1
14201609052316,142016090516,55083.00,22.15,75.54,21.43,98.07,1014.50,5.05,1,1,1,0.1
14201609052316,142016090517,16356.00,21.91,77.06,21.43,98.68,1014.69,5.05,1,1,1,0.1
14201609052317,142016090518,9160.00,21.57,74.62,21.43,93.38,1014.89,5.05,1,1,1,0.1
14201609052317,142016090519,1917.00,21.45,78.87,21.43,93.88,1015.39,5.05,1,1,1,1
14201609052318,142016090520,35.00,21.43,93.07,21.43,94.25,1015.97,5.05,1,1,1,0.1
14201609052318,142016090521,149.00,21.51,93.09,21.43,95.42,1016.47,5.05,1,1,1,0.1
14201609052318,142016090522,152.00,21.67,93.12,21.43,94.61,1016.81,5.05,1,1,1,0.1
14201609052319,142016090523,158.00,21.81,93.18,21.43,94.74,1017.05,5.05,1,1,1,0.1
14201609062310,142016090600,3.00,22.09,93.23,21.43,94.83,1017.38,5.05,1,1,1,0.1
14201609062311,142016090601,2.00,22.01,93.22,21.43,95.24,1017.36,5.05,1,1,1,0.1
14201609062311,142016090602,3.00,21.99,93.20,21.43,95.24,1017.46,5.05,1,1,1,0.1
14201609062311,142016090603,3.00,21.99,93.21,21.43,95.28,1017.65,5.05,1,1,1,0.1
14201609062312,142016090604,3.00,22.39,93.30,21.43,95.33,1017.75,5.05,1,1,1,0.1
14201609062312,142016090605,3.00,22.39,93.30,21.43,95.42,1017.73,5.05,1,1,1,0.1
14201609062313,142016090606,35.00,22.39,93.30,21.43,95.60,1018.14,5.05,1,1,1,0.1
14201609062313,142016090607,3117.00,22.39,93.30,21.43,95.60,1018.52,5.05,1,1,1,0.1
14201609062313,142016090608,8277.00,22.39,93.30,21.43,95.69,1018.84,5.05,1,1,1,0.1
14201609062314,142016090609,18317.00,22.55,93.34,21.43,95.78,1019.07,5.05,1,1,1,0.1
14201609062314,142016090610,33980.00,22.91,93.44,21.43,95.69,1018.99,5.05,1,1,1,0.1
14201609062314,142016090611,25463.00,23.67,93.63,21.43,95.60,1018.89,5.05,1,1,1,0.1
14201609062315,142016090612,34323.00,23.71,80.30,21.43,95.24,1018.86,5.05,1,1,1,0.1
14201609062315,142016090613,25869.00,23.67,80.29,21.43,95.60,1018.72,5.05,1,1,1,0.1
14201609062315,142016090614,14533.00,23.49,80.14,21.43,95.60,1018.74,5.05,1,1,1,0.1
14201609062316,142016090615,49206.00,23.97,77.81,21.43,95.42,1018.62,5.05,1,1,1,0.1
14201609062316,142016090616,20556.00,23.95,74.88,21.43,95.42,1018.39,5.05,1,1,1,0.1
14201609062317,142016090617,12372.00,23.83,76.11,21.43,95.60,1018.15,5.05,1,1,1,0.2
14201609062317,142016090618,5815.00,23.73,75.48,21.43,95.69,1017.81,5.05,1,1,1,0.1
14201609062317,142016090619,555.00,23.67,75.69,21.43,95.82,1017.51,5.05,1,1,1,0.1
14201609062318,142016090620,11.00,23.43,76.71,21.43,95.91,1017.76,5.05,1,1,1,0.1
14201609062318,142016090621,153.00,23.67,77.31,21.43,95.78,1017.89,5.05,1,1,1,0.1
14201609062318,142016090622,152.00,23.87,75.73,21.43,95.60,1017.84,5.05,1,1,1,0.1
14201609062319,142016090623,155.00,23.67,79.34,21.43,95.87,1017.63,5.05,1,1,1,0.1
14201609072310,142016090700,3.00,23.01,76.62,21.43,96.05,1017.52,5.05,1,1,1,0.1
14201609072310,142016090701,3.00,22.39,76.57,21.43,96.49,1017.00,5.05,1,1,1,0.1
14201609072311,142016090702,4.00,22.39,77.00,21.43,96.49,1016.71,5.05,1,1,1,1
14201609072311,142016090703,3.00,22.39,79.07,21.43,96.40,1016.51,5.05,1,1,1,0.1
14201609072312,142016090704,3.00,22.63,79.31,21.43,96.22,1016.14,5.05,1,1,1,0.1
14201609072312,142016090705,3.00,22.43,79.10,21.43,96.31,1015.42,5.04,1,1,1,0.1
14201609072312,142016090706,17.00,22.23,79.86,21.43,96.49,1015.50,5.05,1,1,1,0.1
14201609072313,142016090707,916.00,22.39,74.86,21.43,96.49,1015.43,5.05,1,1,1,0.1
14201609072313,142016090708,3814.00,22.67,75.33,21.43,96.49,1015.61,5.05,1,1,1,0.1
14201609072313,142016090709,7778.00,22.85,76.06,21.43,96.13,1015.15,5.05,1,1,1,0.1
14201609072314,142016090710,21595.00,23.35,80.96,21.43,95.87,1014.63,5.05,1,1,1,0.1
14201609072314,142016090711,36254.00,23.97,80.24,21.43,95.42,1014.23,5.05,1,1,1,1
14201609072314,142016090712,31951.00,23.49,68.27,22.05,94.68,1013.46,5.05,1,1,1,0.1
14201609072315,142016090713,65535.00,24.95,67.17,21.95,98.22,1012.90,5.05,1,1,1,0.1
14201609072315,142016090714,65535.00,26.03,69.99,26.55,98.46,1012.15,5.05,1,1,1,0.1
14201609072316,142016090715,65535.00,32.63,52.58,31.67,100.15,1011.58,5.04,1,1,1,0.1
14201609072316,142016090716,65535.00,31.67,60.58,31.67,97.38,1010.78,5.04,1,1,1,0.1
14201609072316,142016090717,21373.00,25.91,62.60,26.07,98.63,1010.18,5.02,1,1,1,0.1
14201609072317,142016090718,12694.00,26.43,59.78,39.35,53.48,1009.34,5.03,1,1,1,0.1
14201609072317,142016090719,5236.00,25.93,59.71,23.99,98.07,1008.72,5.02,1,1,1,0.1
14201609072317,142016090720,21.00,24.67,67.29,39.35,53.14,1008.69,5.03,1,1,1,0.1
14201609072318,142016090721,150.00,23.67,71.16,23.99,99.47,1008.94,5.03,1,1,1,0.1
14201609072318,142016090722,151.00,22.85,64.94,23.99,99.47,1008.43,5.03,1,1,1,0.1
14201609072318,142016090723,149.00,23.97,59.40,-22.09,-4.43,1007.77,5.02,1,1,1,0.1
14201609082310,142016090800,3.00,22.17,65.80,36.79,52.65,1007.45,5.03,1,1,1,0.1
14201609082310,142016090801,3.00,21.43,72.39,-22.09,86.04,1006.43,5.02,1,1,1,0.1
14201609082311,142016090802,3.00,21.43,73.07,33.91,82.99,1005.65,5.02,1,1,1,0.1
14201609082311,142016090803,3.00,21.43,71.97,21.43,97.37,1004.89,5.02,1,1,1,0.1
14201609082312,142016090804,3.00,21.43,74.38,21.43,98.07,1004.07,5.02,1,1,1,0.1
14201609082312,142016090805,3.00,21.43,77.81,21.43,104.11,1003.67,5.02,1,1,1,0.1
14201609082312,142016090806,77.00,21.43,86.43,21.43,104.11,1002.89,5.02,1,1,1,0.1
14201609082313,142016090807,7619.00,21.43,74.38,21.43,104.11,1002.87,5.02,1,1,1,0.1
14201609082313,142016090808,28098.00,22.19,63.42,21.43,98.16,1002.87,5.02,1,1,1,0.1
14201609082313,142016090809,36645.00,23.35,65.02,21.43,97.37,1004.38,5.02,1,1,1,0.1
14201609082314,142016090810,53869.00,22.21,63.77,21.43,96.67,1004.79,5.03,1,1,1,0.1
14201609082314,142016090811,65535.00,31.67,52.46,24.23,98.15,1005.10,5.03,1,1,1,0.1
14201609082315,142016090812,65535.00,39.35,33.73,31.67,95.68,1005.63,5.04,1,1,1,0.1
14201609082315,142016090813,65535.00,40.47,33.61,36.79,96.98,1006.33,5.05,1,1,1,0.1
14201609082315,142016090814,65535.00,39.35,30.00,36.79,96.98,1007.03,5.05,1,1,1,0.1
14201609082316,142016090815,65535.00,32.69,35.00,31.67,95.67,1007.43,5.04,1,1,1,0.1
14201609082316,142016090816,65535.00,26.51,35.95,26.55,100.18,1007.66,5.04,1,1,1,0.1
14201609082316,142016090817,29452.00,24.39,41.02,26.55,100.18,1007.83,5.03,1,1,1,0.1
14201609082317,142016090818,16541.00,24.95,51.57,23.99,99.47,1008.02,5.03,1,1,1,0.1
14201609082317,142016090819,5282.00,22.73,51.28,23.99,99.47,1008.75,5.03,1,1,1,0.1
14201609082317,142016090820,13.00,23.35,51.35,23.99,99.47,1009.25,5.03,1,1,1,0.1
14201609082318,142016090821,150.00,21.53,59.03,21.43,98.76,1010.02,5.03,1,1,1,0.1
14201609082318,142016090822,149.00,21.43,60.69,21.43,104.11,1010.27,5.03,1,1,1,0.1
14201609082319,142016090823,147.00,21.43,69.82,21.43,104.11,1010.44,5.02,1,1,1,0.2
14201609092310,142016090900,3.00,21.43,63.76,21.43,104.11,1010.79,5.02,1,1,1,0.1
14201609092311,142016090901,3.00,21.43,70.52,21.43,104.11,1010.72,5.02,1,1,1,0.1
14201609092311,142016090902,3.00,21.43,72.96,21.43,104.11,1010.63,5.02,1,1,1,0.1
14201609092311,142016090903,4.00,21.43,67.24,21.43,104.11,1010.28,5.02,1,1,1,0.1
14201609092312,142016090904,3.00,21.43,69.28,21.43,104.11,1010.15,5.02,1,1,1,0.1
14201609092312,142016090905,4.00,21.43,73.73,21.43,104.11,1010.03,5.02,1,1,1,0.1
14201609092313,142016090906,22.00,21.43,72.85,21.43,104.11,1010.26,5.02,1,1,1,0.1
14201609092313,142016090907,5034.00,21.43,74.82,21.43,104.11,1010.40,5.02,1,1,1,0.1
14201609092313,142016090908,31465.00,21.43,74.71,21.43,104.11,1010.46,5.02,1,1,1,0.1
14201609092314,142016090909,33182.00,21.43,69.28,21.43,98.51,1010.86,5.02,1,1,1,0.1
14201609092314,142016090910,63895.00,23.35,65.96,21.43,96.67,1010.75,5.02,1,1,1,0.1
14201609092314,142016090911,65535.00,25.19,51.60,22.39,98.33,1010.39,5.03,1,1,1,0.1
14201609092315,142016090912,65535.00,31.67,52.46,25.91,97.82,1009.99,5.03,1,1,1,0.1
14201609092315,142016090913,28893.00,25.39,59.62,26.41,99.96,1010.10,5.04,1,1,1,0.1
14201609092315,142016090914,48579.00,22.57,63.18,23.99,99.47,1009.85,5.03,1,1,1,0.1
14201609092316,142016090915,65535.00,25.57,59.69,21.99,93.92,1009.60,5.03,1,1,1,0.1
14201609092316,142016090916,17927.00,23.85,68.06,23.99,99.47,1009.31,5.03,1,1,1,0.1
14201609092317,142016090917,15571.00,21.91,62.67,23.99,99.47,1009.22,5.03,1,1,1,0.1
14201609092317,142016090918,37434.00,21.73,62.17,21.43,98.07,1008.91,5.02,1,1,1,0.1
14201609092317,142016090919,4321.00,23.39,62.43,36.79,52.73,1008.96,5.03,1,1,1,0.1
14201609092318,142016090920,8.00,22.89,63.22,-22.09,86.04,1009.31,5.02,1,1,1,0.1
14201609092318,142016090921,162.00,21.63,67.32,36.79,95.87,1009.21,5.03,1,1,1,0.1
14201609092318,142016090922,158.00,21.63,69.88,21.43,98.16,1009.10,5.03,1,1,1,0.1
14201609092319,142016090923,160.00,21.43,71.97,21.43,97.37,1008.85,5.03,1,1,1,0.1
