A1,12201607111533,832.00,-40.01,-4.69,-40.01,-4.69,1007.84,5.04,NEXTSENSE-16:0:0
A1,12201607111600,65535.00,-40.01,-4.69,-40.01,-4.69,1008.90,5.05,NEXTSENSE-17:0:0
A1,12201607120959,1667.00,-40.01,-4.69,-40.01,-4.69,1010.85,4.94,NEXTSENSE-10:0:0
A1,12201607121000,1186.00,-40.01,-4.69,-40.01,-4.69,1010.87,5.05,NEXTSENSE-10:0:0
A1,12201607121001,931.00,-40.01,-4.69,-40.01,-4.69,1010.87,5.05,NEXTSENSE-11:0:0
A1,12201607121002,3699.00,-40.01,-4.69,-40.01,-4.69,1010.78,5.05,NEXTSENSE-11:0:0
A1,12201607121004,1407.00,22.79,51.28,23.99,51.44,1010.91,5.04,NEXTSENSE-11:0:0
A1,12201607121013,4570.00,-40.01,-4.69,22.66,49.82,1010.85,5.05,NEXTSENSE-11:0:0
A1,12201607121024,8486.00,23.99,51.44,23.99,51.44,1010.79,5.01,NEXTSENSE-11:0:0
A1,12201607142300,850.00,23.99,59.30,23.99,59.40,1025.20,5.06,NEXTSENSE-0:0:0
A2,12201607142310,850.00,23.99,59.30,23.99,59.40,1025.20,5.06,NEXTFEED-2016-7-15@23:10:0
A1,12201607150000,877.00,26.55,51.69,26.55,51.78,1025.41,5.05,NEXTSENSE-1:0:0
A1,12201607150100,24.00,26.55,51.69,26.55,51.78,1025.54,5.05,NEXTSENSE-2:0:0
A1,12201607150200,25.00,26.55,51.64,26.55,51.78,1025.43,5.05,NEXTSENSE-3:0:0
A1,12201607150300,26.00,26.55,51.57,26.55,51.78,1025.44,5.05,NEXTSENSE-4:0:0
A1,12201607150400,28.00,26.55,51.46,26.55,51.78,1025.50,5.05,NEXTSENSE-5:0:0
A1,12201607150500,2157.00,23.67,59.35,26.55,51.78,1025.40,5.05,NEXTSENSE-6:0:0
A1,12201607150600,29986.00,25.97,51.71,31.67,52.46,1025.64,5.05,NEXTSENSE-7:0:0
A1,12201607150700,54088.00,31.67,42.13,31.67,36.52,1025.61,5.05,NEXTSENSE-8:0:0
A1,12201607150800,65535.00,31.67,42.88,36.79,33.72,1026.00,5.05,NEXTSENSE-9:0:0
A1,12201607150900,65535.00,118.71,26.44,46.47,14.60,1025.90,5.05,NEXTSENSE-10:0:0
A1,12201607151000,65535.00,-34.89,26.81,51.83,17.25,1025.82,5.05,NEXTSENSE-11:0:0
A1,12201607151100,65535.00,118.71,53.48,42.15,26.64,1025.91,5.06,NEXTSENSE-12:0:0
A1,12201607151200,65535.00,108.47,33.11,39.35,26.44,1025.85,5.05,NEXTSENSE-13:0:0
A1,12201607151300,65535.00,108.47,28.21,36.79,26.26,1025.82,5.05,NEXTSENSE-14:0:0
A1,12201607151400,65535.00,108.47,30.84,36.79,29.80,1025.63,5.04,NEXTSENSE-15:0:0
A1,12201607151500,65535.00,103.35,33.98,33.71,33.04,1025.66,5.04,NEXTSENSE-16:0:0
A1,12201607151600,60573.00,31.67,39.03,34.23,35.35,1025.24,5.04,NEXTSENSE-17:0:0
A1,12201607151700,32795.00,31.67,43.76,31.67,43.97,1025.09,5.04,NEXTSENSE-18:0:0
A1,12201607151800,19343.00,31.67,39.66,31.67,43.97,1025.16,5.04,NEXTSENSE-19:0:0
A1,12201607151900,24607.00,31.67,43.90,31.67,43.97,1024.68,5.04,NEXTSENSE-20:0:0
A1,12201607152000,14667.00,31.67,52.46,31.67,52.46,1024.30,5.04,NEXTSENSE-21:0:0
A1,12201607152100,5105.00,26.55,51.74,31.67,52.46,1024.41,5.04,NEXTSENSE-22:0:0
A1,12201607152200,28.00,26.55,51.64,31.67,52.46,1024.56,5.04,NEXTSENSE-23:0:0
A1,12201607152300,768.00,25.19,59.58,26.55,59.79,1024.52,5.04,NEXTSENSE-0:0:0
A2,12201607152310,768.00,25.19,59.58,26.55,59.79,1024.52,5.04,NEXTFEED-2016-7-16@23:10:0
A1,12201607160000,25.00,25.29,59.61,31.67,52.46,1024.51,5.04,NEXTSENSE-1:0:0
A1,12201607160100,25.00,24.95,59.55,26.55,51.78,1024.46,5.04,NEXTSENSE-2:0:0
A1,12201607160200,24.00,26.55,59.50,26.55,59.79,1024.53,5.04,NEXTSENSE-3:0:0
A1,12201607160300,24.00,26.55,59.49,26.55,59.79,1024.16,5.04,NEXTSENSE-4:0:0
A1,12201607160400,25.00,26.55,59.79,26.55,59.79,1024.01,5.04,NEXTSENSE-5:0:0
A1,12201607160500,851.00,26.55,59.71,26.55,59.79,1024.04,5.04,NEXTSENSE-6:0:0
A1,12201607160600,7198.00,26.55,59.78,26.55,59.79,1024.23,5.04,NEXTSENSE-7:0:0
A1,12201607160700,10770.00,26.55,59.45,26.55,51.78,1024.56,5.04,NEXTSENSE-8:0:0
A1,12201607160800,42411.00,26.55,51.69,31.67,52.46,1024.78,5.04,NEXTSENSE-9:0:0
A1,12201607160900,65535.00,31.67,52.46,31.67,43.97,1025.13,5.04,NEXTSENSE-10:0:0
A1,12201607161000,65535.00,108.47,39.85,39.35,31.10,1024.82,5.04,NEXTSENSE-11:0:0
A1,12201607161100,65535.00,47.03,26.64,49.85,13.16,1024.52,5.04,NEXTSENSE-12:0:0
A1,12201607161200,65535.00,41.91,30.00,43.87,26.77,1024.34,5.04,NEXTSENSE-13:0:0
A1,12201607161300,65535.00,108.47,82.84,36.79,26.93,1024.04,5.04,NEXTSENSE-14:0:0
A1,12201607161400,65535.00,108.47,82.84,36.79,31.84,1023.61,5.04,NEXTSENSE-15:0:0
A1,12201607161500,65535.00,108.47,82.94,36.79,31.62,1023.27,5.04,NEXTSENSE-16:0:0
A1,12201607161600,65535.00,108.47,35.84,36.79,33.36,1022.93,5.04,NEXTSENSE-17:0:0
A1,12201607161700,51580.00,31.67,36.87,32.87,36.63,1022.65,5.04,NEXTSENSE-18:0:0
A1,12201607161800,65535.00,103.35,39.17,34.23,44.00,1022.50,5.01,NEXTSENSE-19:0:0
A1,12201607161900,33020.00,103.35,82.74,34.23,44.26,1022.53,5.04,NEXTSENSE-20:0:0
A1,12201607162000,14545.00,103.35,95.67,31.67,43.97,1022.41,5.04,NEXTSENSE-21:0:0
A1,12201607162100,2460.00,31.67,52.46,31.67,52.46,1022.45,5.04,NEXTSENSE-22:0:0
A1,12201607162200,755.00,31.67,52.46,31.67,52.46,1022.83,5.04,NEXTSENSE-23:0:0
A1,12201607162300,790.00,31.67,52.46,31.67,52.46,1022.76,5.04,NEXTSENSE-0:0:0
A2,12201607162310,790.00,31.67,52.46,31.67,52.46,1022.76,5.04,NEXTFEED-2016-7-17@23:10:0
A1,12201607170000,804.00,31.67,52.46,31.67,52.46,1022.72,5.04,NEXTSENSE-1:0:0
A1,12201607170100,24.00,31.67,60.58,31.67,60.58,1022.62,5.04,NEXTSENSE-2:0:0
A1,12201607170200,25.00,31.67,60.58,31.67,60.58,1022.53,5.04,NEXTSENSE-3:0:0
A1,12201607170300,27.00,31.67,60.58,31.67,60.58,1022.45,5.04,NEXTSENSE-4:0:0
A1,12201607170400,26.00,31.67,60.58,31.67,60.58,1022.15,5.04,NEXTSENSE-5:0:0
A1,12201607170500,543.00,31.67,60.58,31.67,60.58,1022.10,5.04,NEXTSENSE-6:0:0
A1,12201607170600,8020.00,31.67,60.58,31.67,60.58,1022.05,5.04,NEXTSENSE-7:0:0
A1,12201607170700,27494.00,31.67,52.46,31.67,52.46,1022.29,5.04,NEXTSENSE-8:0:0
A1,12201607170800,65535.00,31.67,52.46,31.97,36.82,1022.45,5.04,NEXTSENSE-9:0:0
A1,12201607170900,65535.00,113.59,83.84,40.15,26.51,1022.23,5.04,NEXTSENSE-10:0:0
A1,12201607171000,65535.00,123.83,69.90,46.05,26.94,1022.09,5.04,NEXTSENSE-11:0:0
A1,12201607171100,15624.00,108.47,38.04,36.79,30.89,1022.01,5.04,NEXTSENSE-12:0:0
A1,12201607171200,65535.00,108.47,83.84,39.35,32.05,1021.78,5.04,NEXTSENSE-13:0:0
A1,12201607171300,65535.00,108.47,43.50,36.79,31.26,1021.57,5.04,NEXTSENSE-14:0:0
A1,12201607171400,65535.00,108.47,82.99,36.79,34.44,1021.40,5.04,NEXTSENSE-15:0:0
A1,12201607171500,65535.00,108.47,37.86,36.79,36.65,1020.98,5.04,NEXTSENSE-16:0:0
A1,12201607171600,57618.00,103.35,82.74,32.63,39.62,1020.54,5.04,NEXTSENSE-17:0:0
A1,12201607171700,41418.00,31.67,41.79,34.23,44.26,1020.21,5.04,NEXTSENSE-18:0:0
A1,12201607171800,46348.00,103.35,82.74,34.23,44.26,1019.99,5.04,NEXTSENSE-19:0:0
A1,12201607171900,29616.00,31.67,42.06,34.23,44.26,1020.00,5.04,NEXTSENSE-20:0:0
A1,12201607172000,18368.00,31.67,43.90,31.67,43.97,1020.16,5.04,NEXTSENSE-21:0:0
A1,12201607172100,3764.00,31.67,52.46,31.67,43.97,1020.58,5.04,NEXTSENSE-22:0:0
A1,12201607172200,798.00,31.67,52.46,31.67,52.46,1021.15,5.04,NEXTSENSE-23:0:0
A1,12201607172300,807.00,31.67,52.46,31.67,52.46,1021.30,5.04,NEXTSENSE-0:0:0
A2,12201607172310,807.00,31.67,52.46,31.67,52.46,1021.30,5.04,NEXTFEED-2016-7-18@23:10:0
A1,12201607180000,25.00,31.67,60.58,31.67,60.58,1021.50,5.04,NEXTSENSE-1:0:0
A1,12201607180100,24.00,31.67,60.58,31.67,60.58,1021.54,5.04,NEXTSENSE-2:0:0
A1,12201607180200,26.00,31.67,60.58,31.67,60.58,1021.47,5.04,NEXTSENSE-3:0:0
A1,12201607180300,26.00,31.67,60.58,31.67,60.58,1021.34,5.04,NEXTSENSE-4:0:0
A1,12201607180400,28.00,31.67,60.58,31.67,60.58,1021.16,5.04,NEXTSENSE-5:0:0
A1,12201607180500,2442.00,31.67,60.58,31.67,60.58,1021.14,5.04,NEXTSENSE-6:0:0
A1,12201607180600,26152.00,31.67,60.58,31.67,52.46,1021.37,5.04,NEXTSENSE-7:0:0
A1,12201607180700,65535.00,103.35,52.46,41.91,27.52,1021.62,5.04,NEXTSENSE-8:0:0
A1,12201607180800,65535.00,41.91,31.77,52.81,9.38,1021.67,5.04,NEXTSENSE-9:0:0
A1,12201607180900,65535.00,47.03,26.76,57.27,15.02,1021.88,5.04,NEXTSENSE-10:0:0
A1,12201607181000,65535.00,123.83,26.63,49.77,7.31,1021.85,5.04,NEXTSENSE-11:0:0
A1,12201607181100,65535.00,-34.89,26.76,52.13,17.03,1021.89,5.04,NEXTSENSE-12:0:0
A1,12201607181200,65535.00,123.83,16.19,49.59,16.58,1021.87,5.04,NEXTSENSE-13:0:0
A1,12201607181300,65535.00,113.59,53.14,39.35,26.44,1021.46,5.04,NEXTSENSE-14:0:0
A1,12201607181400,54743.00,108.47,26.07,36.79,26.26,1021.15,5.04,NEXTSENSE-15:0:0
A1,12201607181500,43135.00,108.47,25.95,36.79,26.26,1020.52,5.04,NEXTSENSE-16:0:0
A1,12201607181600,33497.00,108.47,26.03,34.23,26.07,1020.13,5.04,NEXTSENSE-17:0:0
A1,12201607181700,29365.00,108.47,52.66,34.23,26.07,1019.73,5.04,NEXTSENSE-18:0:0
A1,12201607181800,27119.00,108.47,26.62,34.23,26.07,1019.19,5.04,NEXTSENSE-19:0:0
A1,12201607181900,24560.00,108.47,68.44,34.23,26.07,1019.10,5.04,NEXTSENSE-20:0:0
A1,12201607182000,16595.00,108.47,30.30,34.23,35.35,1019.18,5.04,NEXTSENSE-21:0:0
A1,12201607182100,4645.00,103.35,82.74,31.67,43.97,1019.54,5.04,NEXTSENSE-22:0:0
A1,12201607182200,734.00,31.67,43.43,31.67,43.97,1019.96,5.04,NEXTSENSE-23:0:0
A1,12201607182300,741.00,31.67,52.46,31.67,52.46,1020.18,5.04,NEXTSENSE-0:0:0
A2,12201607182310,741.00,31.67,52.46,31.67,52.46,1020.18,5.04,NEXTFEED-2016-7-19@23:10:0
A1,12201607190000,28.00,31.67,52.46,31.67,52.46,1020.24,5.05,NEXTSENSE-1:0:0
A1,12201607190100,28.00,31.67,52.46,31.67,52.46,1019.90,5.05,NEXTSENSE-2:0:0
A1,12201607190200,27.00,31.67,52.46,31.67,60.58,1019.60,5.05,NEXTSENSE-3:0:0
A1,12201607190300,28.00,26.55,59.74,26.55,59.79,1019.47,5.05,NEXTSENSE-4:0:0
A1,12201607190400,29.00,26.55,59.59,26.55,59.79,1018.98,5.05,NEXTSENSE-5:0:0
A1,12201607190500,1762.00,26.55,59.79,26.55,59.79,1018.72,5.05,NEXTSENSE-6:0:0
A1,12201607190600,24301.00,26.55,59.69,31.67,52.46,1018.58,5.05,NEXTSENSE-7:0:0
A1,12201607190700,65535.00,31.67,37.29,41.27,26.58,1018.81,5.05,NEXTSENSE-8:0:0
A1,12201607190800,65535.00,123.83,30.00,54.39,8.11,1018.56,5.05,NEXTSENSE-9:0:0
A1,12201607190900,65535.00,-34.89,26.67,57.27,13.47,1018.31,5.05,NEXTSENSE-10:0:0
A1,12201607191000,65535.00,47.03,26.86,59.83,13.58,1018.03,5.05,NEXTSENSE-11:0:0
A1,12201607191100,65535.00,49.87,14.69,59.83,11.20,1017.56,5.05,NEXTSENSE-12:0:0
A1,12201607191200,65535.00,-29.77,54.19,53.75,17.20,1017.35,5.05,NEXTSENSE-13:0:0
A1,12201607191300,65535.00,118.71,30.07,40.47,26.52,1016.86,5.05,NEXTSENSE-14:0:0
A1,12201607191400,65535.00,36.79,69.22,39.35,30.22,1016.19,5.05,NEXTSENSE-15:0:0
A1,12201607191500,57718.00,113.59,69.22,36.79,33.29,1015.79,5.05,NEXTSENSE-16:0:0
A1,12201607191600,50019.00,36.79,31.98,36.79,35.58,1015.11,5.05,NEXTSENSE-17:0:0
A1,12201607191700,44103.00,33.59,68.66,36.79,35.58,1014.61,5.05,NEXTSENSE-18:0:0
A1,12201607191800,38870.00,108.47,27.25,36.79,35.58,1014.24,5.05,NEXTSENSE-19:0:0
A1,12201607191900,34378.00,108.47,82.86,34.23,44.26,1014.10,5.05,NEXTSENSE-20:0:0
A1,12201607192000,23692.00,31.67,52.46,31.67,43.97,1013.80,5.05,NEXTSENSE-21:0:0
A1,12201607192100,3722.00,31.67,52.46,31.67,52.46,1013.36,5.05,NEXTSENSE-22:0:0
A1,12201607192200,256.00,31.67,52.46,31.67,52.46,1013.12,5.05,NEXTSENSE-23:0:0
A1,12201607192300,257.00,31.67,52.46,31.67,52.46,1012.47,5.05,NEXTSENSE-0:0:0
A2,12201607192310,257.00,31.67,52.46,31.67,52.46,1012.47,5.05,NEXTFEED-2016-7-20@23:10:0
A1,12201607200000,39.00,31.67,52.46,31.67,52.46,1012.05,5.05,NEXTSENSE-1:0:0
A1,12201607200100,40.00,31.67,52.46,31.67,60.58,1011.32,5.05,NEXTSENSE-2:0:0
A1,12201607200200,41.00,31.67,60.58,31.67,60.58,1010.58,5.05,NEXTSENSE-3:0:0
A1,12201607200300,39.00,31.67,60.58,31.67,60.58,1009.58,5.05,NEXTSENSE-4:0:0
A1,12201607200400,40.00,31.67,60.58,31.67,60.58,1008.50,5.05,NEXTSENSE-5:0:0
A1,12201607200500,3934.00,31.67,60.58,31.67,60.58,1007.66,5.05,NEXTSENSE-6:0:0
A1,12201607200600,35008.00,31.67,52.46,31.67,52.46,1007.27,5.05,NEXTSENSE-7:0:0
A1,12201607200700,65535.00,108.47,83.22,39.35,31.25,1006.73,5.05,NEXTSENSE-8:0:0
A1,12201607200800,65535.00,118.71,69.66,49.59,27.17,1006.38,5.05,NEXTSENSE-9:0:0
A1,12201607200900,65535.00,-34.89,26.64,57.27,17.53,1006.83,5.05,NEXTSENSE-10:0:0
A1,12201607201000,65535.00,40.31,27.18,49.77,15.96,1007.32,5.05,NEXTSENSE-11:0:0
A1,12201607201100,65535.00,118.71,30.00,40.49,26.52,1007.55,5.05,NEXTSENSE-12:0:0
A1,12201607201200,65535.00,108.47,37.99,33.93,37.51,1008.34,5.05,NEXTSENSE-13:0:0
A1,12201607201300,65535.00,113.59,83.84,39.35,35.53,1008.07,5.05,NEXTSENSE-14:0:0
A1,12201607201400,65535.00,108.47,83.84,36.79,31.84,1008.23,5.05,NEXTSENSE-15:0:0
A1,12201607201500,65535.00,113.59,83.84,36.79,33.36,1008.57,5.05,NEXTSENSE-16:0:0
A1,12201607201600,65535.00,108.47,43.09,36.79,35.58,1008.58,5.05,NEXTSENSE-17:0:0
A1,12201607201700,65535.00,108.47,83.22,36.79,35.58,1008.82,5.05,NEXTSENSE-18:0:0
A1,12201607201800,42210.00,33.11,37.49,34.23,35.35,1009.09,5.05,NEXTSENSE-19:0:0
A1,12201607201900,35242.00,31.67,35.47,31.67,35.11,1009.20,5.05,NEXTSENSE-20:0:0
A1,12201607202000,23426.00,31.67,37.71,34.23,35.35,1009.99,5.05,NEXTSENSE-21:0:0
A1,12201607202100,4246.00,31.67,42.13,31.67,43.97,1011.29,5.05,NEXTSENSE-22:0:0
A1,12201607202200,37.00,31.67,42.88,31.67,43.97,1012.27,5.05,NEXTSENSE-23:0:0
A1,12201607202300,256.00,31.67,38.48,31.67,43.97,1012.65,5.05,NEXTSENSE-0:0:0
A2,12201607202310,256.00,31.67,38.48,31.67,43.97,1012.65,5.05,NEXTFEED-2016-7-21@23:10:0
A1,12201607210000,36.00,31.67,38.69,31.67,43.97,1013.16,5.04,NEXTSENSE-1:0:0
A1,12201607210100,34.00,31.67,37.22,31.67,43.97,1013.19,5.04,NEXTSENSE-2:0:0
A1,12201607210200,37.00,25.91,51.69,26.55,51.78,1013.37,5.04,NEXTSENSE-3:0:0
A1,12201607210300,34.00,26.23,51.73,26.55,51.78,1013.23,5.04,NEXTSENSE-4:0:0
A1,12201607210400,39.00,26.55,51.56,26.55,51.78,1013.48,5.04,NEXTSENSE-5:0:0
A1,12201607210500,4050.00,26.55,51.47,26.55,51.78,1013.88,5.04,NEXTSENSE-6:0:0
A1,12201607210600,52510.00,25.11,51.58,26.55,51.78,1014.30,5.04,NEXTSENSE-7:0:0
A1,12201607210700,65535.00,31.67,52.46,31.67,43.97,1014.71,5.04,NEXTSENSE-8:0:0
A1,12201607210800,65535.00,31.67,40.14,31.67,35.11,1015.26,5.04,NEXTSENSE-9:0:0
A1,12201607210900,65535.00,31.67,37.29,33.11,30.95,1015.57,5.04,NEXTSENSE-10:0:0
A1,12201607211000,65535.00,108.47,68.68,40.63,26.53,1015.93,5.02,NEXTSENSE-11:0:0
A1,12201607211100,65535.00,39.35,26.44,42.39,26.66,1015.93,5.01,NEXTSENSE-12:0:0
A1,12201607211200,65535.00,118.71,53.48,42.21,15.59,1015.86,5.01,NEXTSENSE-13:0:0
A1,12201607211300,65535.00,108.47,33.04,36.79,26.26,1015.71,5.00,NEXTSENSE-14:0:0
A1,12201607211400,65535.00,108.47,68.66,36.79,26.26,1015.66,5.03,NEXTSENSE-15:0:0
A1,12201607211500,65535.00,31.67,35.04,33.69,26.04,1015.53,5.04,NEXTSENSE-16:0:0
A1,12201607211600,65535.00,31.67,26.55,33.75,26.05,1015.48,5.04,NEXTSENSE-17:0:0
A1,12201607211700,59272.00,31.67,29.39,32.01,30.00,1015.63,5.04,NEXTSENSE-18:0:0
A1,12201607211800,24458.00,31.67,34.90,31.67,35.11,1015.44,5.04,NEXTSENSE-19:0:0
A1,12201607211900,16238.00,31.67,68.33,31.67,35.11,1015.40,5.04,NEXTSENSE-20:0:0
A1,12201607212000,1838.00,31.67,33.20,31.67,35.11,1015.69,5.04,NEXTSENSE-21:0:0
A1,12201607212100,629.00,31.67,39.93,31.67,43.97,1015.99,5.04,NEXTSENSE-22:0:0
A1,12201607212200,270.00,31.67,43.09,31.67,43.97,1016.47,5.04,NEXTSENSE-23:0:0
A1,12201607212300,284.00,31.67,41.79,31.67,43.97,1016.93,5.04,NEXTSENSE-0:0:0
A2,12201607212310,284.00,31.67,41.79,31.67,43.97,1016.93,5.04,NEXTFEED-2016-7-22@23:10:0
A1,12201607220000,38.00,31.67,52.46,31.67,52.46,1016.98,5.04,NEXTSENSE-1:0:0
A1,12201607220100,37.00,31.67,52.46,31.67,52.46,1016.95,5.04,NEXTSENSE-2:0:0
A1,12201607220200,38.00,31.67,52.46,31.67,52.46,1017.09,5.04,NEXTSENSE-3:0:0
A1,12201607220300,37.00,31.67,52.46,31.67,52.46,1016.69,5.04,NEXTSENSE-4:0:0
A1,12201607220400,36.00,31.67,52.46,31.67,52.46,1016.43,5.04,NEXTSENSE-5:0:0
A1,12201607220500,450.00,31.67,52.46,31.67,52.46,1016.53,5.04,NEXTSENSE-6:0:0
A1,12201607220600,14180.00,31.67,52.46,31.67,52.46,1016.92,5.04,NEXTSENSE-7:0:0
A1,12201607220700,46618.00,31.67,52.46,31.67,52.46,1017.17,5.04,NEXTSENSE-8:0:0
A1,12201607220800,31576.00,31.67,52.46,31.67,52.46,1017.72,5.04,NEXTSENSE-9:0:0
A1,12201607220900,65535.00,31.67,52.46,31.67,52.46,1017.96,5.04,NEXTSENSE-10:0:0
A1,12201607221000,65535.00,31.67,42.88,33.59,34.22,1017.87,5.04,NEXTSENSE-11:0:0
A1,12201607221100,65535.00,31.67,52.46,31.67,40.55,1017.98,5.04,NEXTSENSE-12:0:0
A1,12201607221200,65535.00,36.79,28.99,41.27,26.58,1018.00,5.04,NEXTSENSE-13:0:0
A1,12201607221300,65535.00,36.79,39.78,36.79,27.44,1017.99,5.04,NEXTSENSE-14:0:0
A1,12201607221400,55178.00,31.67,43.70,33.59,35.64,1018.00,5.04,NEXTSENSE-15:0:0
A1,12201607221500,60996.00,31.67,36.80,31.67,43.97,1018.10,5.04,NEXTSENSE-16:0:0
A1,12201607221600,65535.00,31.67,37.71,34.23,44.26,1018.33,5.03,NEXTSENSE-17:0:0
A1,12201607221700,65535.00,31.67,43.43,31.67,43.97,1018.30,5.04,NEXTSENSE-18:0:0
A1,12201607221800,35705.00,31.67,52.46,31.67,52.46,1017.90,5.04,NEXTSENSE-19:0:0
A1,12201607221900,33346.00,31.67,52.46,31.67,52.46,1017.79,5.04,NEXTSENSE-20:0:0
A1,12201607222000,14884.00,31.67,52.46,31.67,52.46,1018.24,5.04,NEXTSENSE-21:0:0
A1,11201607251804,2207.00,25.91,51.78,26.55,51.78,1014.99,5.02,NEXTSENSE-19:0:0
A1,11201607251805,2128.00,26.55,51.78,26.55,51.78,1015.08,5.02,NEXTSENSE-19:0:0
A2,11201607251806,2128.00,26.55,51.78,26.55,51.78,1015.08,5.02,NEXTFEED-2016-7-26@23:10:0
A1,11201607251808,2407.00,26.55,43.39,26.55,51.78,1015.08,5.02,NEXTSENSE-19:0:0
A1,12201607202259,1699.00,26.55,43.39,26.55,43.39,1014.93,5.01,NEXTSENSE-23:0:0
A2,12201607202300,1699.00,26.55,43.39,26.55,43.39,1014.93,5.01,NEXTFEED-2016-7-21@23:10:0
A1,12201607252000,10505.00,26.55,43.39,26.55,43.39,1015.59,5.01,NEXTSENSE-21:0:0
A1,12201607252100,1080.00,26.55,43.39,26.55,43.39,1016.00,5.02,NEXTSENSE-22:0:0
A1,12201607252200,208.00,26.55,43.39,26.55,51.78,1016.28,5.01,NEXTSENSE-23:0:0
A1,12201607252300,197.00,26.55,51.78,23.99,51.44,1016.71,5.00,NEXTSENSE-0:0:0
A2,12201607252310,197.00,26.55,51.78,23.99,51.44,1016.71,5.00,NEXTFEED-2016-7-26@23:10:0
A1,12201607260000,2.00,26.55,51.56,26.55,51.78,1016.74,5.02,NEXTSENSE-1:0:0
A1,12201607260100,1.00,26.55,51.56,26.55,51.78,1016.87,5.02,NEXTSENSE-2:0:0
A1,12201607260200,1.00,24.61,51.52,26.55,51.78,1017.07,5.02,NEXTSENSE-3:0:0
A1,12201607260300,1.00,24.55,51.51,26.55,51.78,1017.07,5.02,NEXTSENSE-4:0:0
A1,12201607260400,1.00,26.55,51.51,26.55,51.78,1017.01,5.02,NEXTSENSE-5:0:0
A1,12201607260500,11.00,26.55,51.49,26.55,51.78,1017.08,5.02,NEXTSENSE-6:0:0
A1,12201607260600,172.00,26.51,51.48,26.55,51.78,1017.28,5.02,NEXTSENSE-7:0:0
A1,12201607260700,238.00,26.55,51.50,26.55,51.78,1017.65,5.01,NEXTSENSE-8:0:0
A1,12201607260800,3859.00,26.55,51.78,26.55,51.78,1017.86,5.02,NEXTSENSE-9:0:0
A1,12201607260900,1499.00,23.99,59.40,23.99,59.40,1018.06,5.01,NEXTSENSE-10:0:0
A1,12201607261000,2550.00,26.55,51.47,26.55,51.78,1017.83,5.02,NEXTSENSE-11:0:0
A1,12201607261100,2385.00,26.55,51.60,26.55,51.78,1017.78,5.01,NEXTSENSE-12:0:0
A1,12201607261200,2213.00,26.55,51.69,26.55,51.78,1017.52,5.02,NEXTSENSE-13:0:0
A1,12201607261300,0.00,31.67,52.46,31.67,52.46,1024.07,5.04,NEXTSENSE-14:0:0
A1,12201607261400,1.00,31.67,52.46,31.67,52.46,1021.05,5.04,NEXTSENSE-15:0:0
A1,12201607261500,43200.00,31.67,39.31,31.67,43.97,1021.01,5.04,NEXTSENSE-16:0:0
A1,12201607261600,17924.00,31.67,36.80,26.55,43.97,1020.73,5.04,NEXTSENSE-17:0:0
A1,12201607261700,212.00,26.55,41.44,26.55,43.39,1020.62,5.01,NEXTSENSE-18:0:0
A1,12201607261800,19.00,26.55,51.50,26.55,43.39,1019.50,5.03,NEXTSENSE-19:0:0
A1,12201607261900,10.00,26.55,51.77,26.55,51.78,1019.17,5.02,NEXTSENSE-20:0:0
A1,12201607262000,1.00,26.55,51.56,26.55,51.78,1019.12,5.02,NEXTSENSE-21:0:0
A1,12201607262100,1.00,26.55,51.61,26.55,51.78,1019.21,5.01,NEXTSENSE-22:0:0
A1,12201607262200,1.00,25.47,51.65,26.55,51.78,1019.06,5.02,NEXTSENSE-23:0:0
A1,12201607262300,1.00,25.91,51.69,26.55,51.78,1018.79,5.02,NEXTSENSE-0:0:0
A2,12201607262310,1.00,25.91,51.69,26.55,51.78,1018.79,5.02,NEXTFEED-2016-7-27@23:10:0
A1,12201607270000,1.00,26.55,51.73,31.67,52.46,1018.34,5.00,NEXTSENSE-1:0:0
A1,12201607270100,0.00,26.55,51.74,31.67,52.46,1017.91,5.00,NEXTSENSE-2:0:0
A1,12201607270200,0.00,26.55,51.70,31.67,52.46,1017.56,5.01,NEXTSENSE-3:0:0
A1,12201607270300,0.00,25.91,51.69,26.55,52.46,1016.92,5.00,NEXTSENSE-4:0:0
A1,12201607270400,0.00,25.91,51.69,26.55,51.78,1016.41,5.00,NEXTSENSE-5:0:0
A1,12201607270500,0.00,26.55,51.64,26.55,51.78,1015.74,5.00,NEXTSENSE-6:0:0
A1,12201607270600,2.00,26.55,51.62,26.55,51.78,1015.44,5.00,NEXTSENSE-7:0:0
A1,12201607270700,3.00,26.55,51.63,26.55,51.78,1014.94,5.01,NEXTSENSE-8:0:0
A1,12201607270800,5.00,26.55,59.55,26.55,59.79,1014.91,5.00,NEXTSENSE-9:0:0
A1,12201607270900,94.00,25.91,66.52,26.55,59.79,1014.82,5.01,NEXTSENSE-10:0:0
A1,12201607271000,134.00,26.55,64.21,26.55,67.44,1014.79,5.01,NEXTSENSE-11:0:0
A1,12201607271100,471.00,23.67,65.37,26.55,67.44,1014.83,5.01,NEXTSENSE-12:0:0
A1,12201607271200,424.00,23.99,66.71,23.99,67.00,1014.82,5.01,NEXTSENSE-13:0:0
A1,12201607271300,52.00,26.55,65.47,26.55,67.44,1014.85,5.01,NEXTSENSE-14:0:0
A1,12201607271400,204.00,24.47,60.51,26.55,59.79,1014.90,5.01,NEXTSENSE-15:0:0
A1,12201607271500,532.00,26.55,60.04,26.55,59.79,1014.54,5.01,NEXTSENSE-16:0:0
A1,12201607271600,150.00,25.01,59.57,26.55,59.79,1014.25,5.01,NEXTSENSE-17:0:0
A1,12201607271700,318.00,26.55,59.69,26.55,59.79,1014.09,5.01,NEXTSENSE-18:0:0
A1,12201607271800,256.00,26.55,59.77,31.67,60.58,1013.74,5.01,NEXTSENSE-19:0:0
A1,12201607271900,97.00,26.55,59.71,26.55,59.79,1013.91,5.01,NEXTSENSE-20:0:0
A1,12201607272000,6.00,26.55,59.75,31.67,60.58,1014.02,5.01,NEXTSENSE-21:0:0
A1,12201607272100,2.00,26.55,59.77,31.67,60.58,1014.23,5.01,NEXTSENSE-22:0:0
A1,12201607272200,1.00,24.95,59.56,26.55,51.78,1014.53,5.01,NEXTSENSE-23:0:0
A1,12201607272300,5.00,26.55,59.72,31.67,60.58,1015.12,5.01,NEXTSENSE-0:0:0
A2,12201607272310,5.00,26.55,59.72,31.67,60.58,1015.12,5.01,NEXTFEED-2016-7-28@23:10:0
A1,12201607280000,0.00,26.39,59.77,31.67,60.58,1015.12,5.01,NEXTSENSE-1:0:0
A1,12201607280100,1.00,26.55,59.71,31.67,60.58,1015.05,5.01,NEXTSENSE-2:0:0
A1,12201607280200,0.00,26.55,59.69,26.55,51.78,1015.02,5.01,NEXTSENSE-3:0:0
A1,12201607280300,1.00,26.55,51.69,26.55,51.78,1015.02,5.01,NEXTSENSE-4:0:0
A1,12201607280400,0.00,26.55,51.61,26.55,51.78,1015.01,5.01,NEXTSENSE-5:0:0
A1,12201607280500,1.00,26.55,51.59,26.55,51.78,1014.96,5.01,NEXTSENSE-6:0:0
A1,12201607280600,62.00,26.55,51.56,26.55,51.78,1014.84,5.01,NEXTSENSE-7:0:0
A1,12201607280700,110.00,26.55,51.57,26.55,51.78,1014.95,5.01,NEXTSENSE-8:0:0
A1,12201607280800,1230.00,23.99,51.43,23.99,51.44,1014.96,5.02,NEXTSENSE-9:0:0
A1,12201607280900,75.00,26.55,51.51,26.55,43.39,1014.82,5.00,NEXTSENSE-10:0:0
A1,12201607281000,26324.00,26.55,41.79,31.67,43.97,1014.95,5.01,NEXTSENSE-11:0:0
A1,12201607281100,52001.00,31.67,36.45,31.67,35.11,1014.56,5.02,NEXTSENSE-12:0:0
A1,12201607281200,32912.00,31.67,30.33,31.67,28.67,1014.19,5.02,NEXTSENSE-13:0:0
A1,12201607281300,5208.00,31.67,68.33,31.67,34.55,1013.88,5.02,NEXTSENSE-14:0:0
A1,12201607281400,3108.00,31.67,42.34,31.67,43.97,1013.41,5.02,NEXTSENSE-15:0:0
A1,12201607281500,5840.00,25.91,51.69,31.67,43.97,1013.43,5.02,NEXTSENSE-16:0:0
A1,12201607281600,2850.00,26.55,51.77,26.55,51.78,1013.12,5.02,NEXTSENSE-17:0:0
A1,12201607281700,1089.00,23.35,59.30,26.55,59.79,1012.62,5.02,NEXTSENSE-18:0:0
A1,12201607281800,2344.00,23.99,62.37,26.55,59.79,1012.20,5.02,NEXTSENSE-19:0:0
A1,12201607281900,1084.00,23.99,65.87,23.99,67.00,1011.82,5.02,NEXTSENSE-20:0:0
A1,12201607282000,297.00,21.91,65.19,23.99,67.00,1011.62,5.02,NEXTSENSE-21:0:0
A1,12201607282100,27.00,23.99,68.35,23.99,67.00,1011.59,5.02,NEXTSENSE-22:0:0
A1,12201607282200,0.00,23.99,71.25,23.99,67.00,1011.37,5.02,NEXTSENSE-23:0:0
A1,12201607282300,1.00,23.99,68.38,23.99,74.22,1011.35,5.02,NEXTSENSE-0:0:0
A2,12201607282310,1.00,23.99,68.38,23.99,74.22,1011.35,5.02,NEXTFEED-2016-7-29@23:10:0
A1,12201607290000,1.00,23.99,69.33,23.99,74.22,1011.37,5.03,NEXTSENSE-1:0:0
A1,12201607290100,1.00,23.99,68.62,23.99,74.22,1011.09,5.03,NEXTSENSE-2:0:0
A1,12201607290200,1.00,21.43,77.23,23.99,74.22,1010.66,5.03,NEXTSENSE-3:0:0
A1,12201607290300,1.00,21.43,72.96,21.43,73.73,1010.72,5.03,NEXTSENSE-4:0:0
A1,12201607290400,1.00,21.43,79.24,21.43,80.54,1010.32,5.03,NEXTSENSE-5:0:0
A1,12201607290500,6.00,21.43,78.87,21.43,80.54,1010.14,5.03,NEXTSENSE-6:0:0
A1,12201607290600,428.00,21.43,74.49,21.43,80.54,1010.17,5.03,NEXTSENSE-7:0:0
A1,12201607290700,539.00,21.43,79.71,21.43,80.54,1010.39,5.03,NEXTSENSE-8:0:0
A1,12201607290800,996.00,21.43,72.96,21.43,80.54,1010.58,5.03,NEXTSENSE-9:0:0
A1,12201607290900,35.00,21.43,75.52,21.43,80.54,1010.50,5.02,NEXTSENSE-10:0:0
A1,12201607291000,3725.00,24.23,59.45,26.55,67.44,1010.47,5.01,NEXTSENSE-11:0:0
A1,12201607291100,2108.00,26.55,59.57,26.55,59.79,1010.69,5.01,NEXTSENSE-12:0:0
A1,12201607291200,3142.00,26.55,59.69,26.55,59.79,1010.49,5.02,NEXTSENSE-13:0:0
A1,12201607291300,7984.00,31.67,60.58,31.67,60.58,1011.04,5.03,NEXTSENSE-14:0:0
A1,12201607291400,65535.00,26.55,51.53,26.55,51.78,1010.79,5.02,NEXTSENSE-15:0:0
A1,12201607291500,65535.00,23.99,93.15,23.99,81.09,1011.00,5.03,NEXTSENSE-16:0:0
A1,12201607291600,22313.00,22.17,93.25,23.99,74.22,1010.88,5.03,NEXTSENSE-17:0:0
A1,12201607291700,38925.00,23.91,93.12,23.99,81.09,1010.76,5.04,NEXTSENSE-18:0:0
A1,12201607291800,61396.00,22.07,93.24,26.55,74.72,1010.68,5.03,NEXTSENSE-19:0:0
A1,12201607291900,22366.00,23.99,114.01,23.99,81.09,1010.88,5.03,NEXTSENSE-20:0:0
A1,12201607292000,12722.00,23.99,93.63,23.99,81.09,1010.95,5.03,NEXTSENSE-21:0:0
A1,12201607292100,180.00,22.97,93.55,23.99,81.09,1011.33,5.03,NEXTSENSE-22:0:0
A1,12201607292200,3.00,23.99,93.30,21.43,80.54,1011.91,5.03,NEXTSENSE-23:0:0
A1,12201607292300,1.00,23.99,93.19,21.43,93.06,1012.26,5.03,NEXTSENSE-0:0:0
A2,12201607292310,1.00,23.99,93.19,21.43,93.06,1012.26,5.03,NEXTFEED-2016-7-30@23:10:0
A1,12201607300000,2.00,21.43,93.06,21.43,80.54,1012.43,5.03,NEXTSENSE-1:0:0
A1,12201607300100,1.00,21.43,93.06,21.43,80.54,1012.42,5.03,NEXTSENSE-2:0:0
A1,12201607300200,2.00,21.43,93.06,21.43,80.54,1012.41,5.03,NEXTSENSE-3:0:0
A1,12201607300300,2.00,21.43,93.06,21.43,80.54,1012.64,5.04,NEXTSENSE-4:0:0
A1,12201607300400,1.00,21.43,93.33,21.43,93.06,1012.51,5.03,NEXTSENSE-5:0:0
A1,12201607300500,255.00,21.43,93.79,21.43,93.06,1012.74,5.03,NEXTSENSE-6:0:0
A1,12201607300600,16522.00,21.43,94.15,21.43,93.06,1012.72,5.03,NEXTSENSE-7:0:0
A1,12201607300700,10844.00,21.43,93.79,21.43,93.06,1013.19,5.04,NEXTSENSE-8:0:0
A1,12201607300800,23186.00,21.43,93.61,21.43,93.06,1013.32,5.03,NEXTSENSE-9:0:0
A1,12201607300900,54567.00,21.43,93.33,21.43,93.06,1013.56,5.03,NEXTSENSE-10:0:0
A1,12201607301000,65535.00,21.43,93.06,21.43,80.46,1013.78,5.03,NEXTSENSE-11:0:0
A1,12201607301100,65535.00,23.99,93.07,21.93,80.65,1014.04,5.03,NEXTSENSE-12:0:0
A1,12201607301200,65535.00,22.55,93.34,22.39,73.84,1014.02,5.03,NEXTSENSE-13:0:0
A1,12201607301300,65535.00,23.91,93.71,25.91,67.33,1013.87,5.03,NEXTSENSE-14:0:0
A1,12201607301400,65535.00,23.99,93.25,26.53,59.79,1013.77,5.03,NEXTSENSE-15:0:0
A1,12201607301500,65535.00,23.99,93.38,24.59,59.49,1013.73,5.04,NEXTSENSE-16:0:0
A1,12201607301600,65535.00,23.99,114.34,26.55,51.71,1013.57,5.03,NEXTSENSE-17:0:0
A1,12201607301700,35766.00,23.99,93.15,23.99,67.00,1013.81,5.03,NEXTSENSE-18:0:0
A1,12201607301800,64757.00,23.83,93.67,23.99,67.00,1013.81,5.03,NEXTSENSE-19:0:0
A1,12201607301900,38899.00,23.99,93.67,23.99,59.40,1013.66,5.04,NEXTSENSE-20:0:0
A1,12201607302000,12516.00,23.99,93.55,23.99,59.40,1013.90,5.03,NEXTSENSE-21:0:0
A1,12201607302100,587.00,23.99,93.23,21.43,66.55,1014.42,5.03,NEXTSENSE-22:0:0
A1,12201607302200,1.00,21.43,93.88,21.43,66.55,1014.82,5.03,NEXTSENSE-23:0:0
A1,12201607302300,1.00,21.43,94.74,21.43,73.73,1014.91,5.03,NEXTSENSE-0:0:0
A2,12201607302310,1.00,21.43,94.74,21.43,73.73,1014.91,5.03,NEXTFEED-2016-7-31@23:10:0
A1,12201607310000,1.00,21.43,95.24,21.43,73.07,1015.12,5.02,NEXTSENSE-1:0:0
A1,12201607310100,1.00,21.43,95.24,21.43,66.15,1015.58,5.02,NEXTSENSE-2:0:0
A1,12201607310200,0.00,21.43,95.37,21.43,73.02,1015.59,5.02,NEXTSENSE-3:0:0
A1,12201607310300,0.00,21.43,95.69,21.43,73.51,1015.43,5.02,NEXTSENSE-4:0:0
A1,12201607310400,1.00,21.43,96.13,21.43,73.34,1015.70,5.02,NEXTSENSE-5:0:0
A1,12201607310500,100.00,21.43,96.36,21.43,73.29,1015.82,5.02,NEXTSENSE-6:0:0
A1,12201607310600,2915.00,21.43,96.49,21.43,69.28,1016.03,5.02,NEXTSENSE-7:0:0
A1,12201607310700,20902.00,21.43,96.31,21.43,69.28,1016.60,5.02,NEXTSENSE-8:0:0
A1,12201607310800,65535.00,21.43,95.24,21.43,63.24,1016.98,5.02,NEXTSENSE-9:0:0
A1,12201607310900,65535.00,21.43,93.88,21.43,66.15,1017.19,5.02,NEXTSENSE-10:0:0
A1,12201607311000,65535.00,23.99,113.70,23.35,59.30,1017.21,5.02,NEXTSENSE-11:0:0
A1,12201607311100,65535.00,23.99,93.63,26.23,59.75,1017.21,5.02,NEXTSENSE-12:0:0
A1,12201607311200,65535.00,23.99,93.40,25.11,51.58,1017.28,5.03,NEXTSENSE-13:0:0
A1,12201607311300,65535.00,26.55,93.77,26.29,51.75,1017.29,5.00,NEXTSENSE-14:0:0
A1,12201607311400,65535.00,23.99,93.55,25.27,51.61,1017.44,5.02,NEXTSENSE-15:0:0
A1,12201607311500,65535.00,23.75,93.67,25.97,51.71,1017.61,5.02,NEXTSENSE-16:0:0
A1,12201607311600,65535.00,23.99,93.67,26.29,42.83,1017.62,5.03,NEXTSENSE-17:0:0
A1,12201607311700,54083.00,23.67,93.63,25.91,51.69,1017.53,5.02,NEXTSENSE-18:0:0
A1,12201607311800,28451.00,22.55,93.34,23.99,59.40,1017.70,5.00,NEXTSENSE-19:0:0
A1,12201607311900,65535.00,23.99,93.36,24.73,51.54,1017.64,5.02,NEXTSENSE-20:0:0
A1,12201607312000,11189.00,23.99,93.20,23.99,59.40,1017.75,5.03,NEXTSENSE-21:0:0
A1,12201607312100,459.00,23.99,93.63,23.99,59.40,1017.94,5.02,NEXTSENSE-22:0:0
A1,12201607312200,1.00,23.99,93.38,21.43,66.55,1018.41,5.02,NEXTSENSE-23:0:0
A1,12201607312300,1.00,23.99,93.18,21.43,66.55,1018.54,5.02,NEXTSENSE-0:0:0
A2,12201607312310,1.00,23.99,93.18,21.43,66.55,1018.54,5.02,NEXTFEED-2016-7-1@23:10:0
A1,12201608010000,1.00,21.53,93.19,21.43,66.55,1018.90,5.02,NEXTSENSE-1:0:0
A1,12201608010100,1.00,21.43,93.74,21.43,66.55,1019.12,5.03,NEXTSENSE-2:0:0
A1,12201608010200,1.00,21.43,94.61,21.43,60.45,1019.29,5.02,NEXTSENSE-3:0:0
A1,12201608010300,1.00,21.43,95.24,21.43,66.90,1019.35,5.02,NEXTSENSE-4:0:0
A1,12201608010400,1.00,21.43,95.78,21.43,70.35,1019.32,5.02,NEXTSENSE-5:0:0
A1,12201608010500,102.00,21.43,96.31,21.43,73.51,1019.32,5.02,NEXTSENSE-6:0:0
A1,12201608010600,11012.00,21.43,97.37,21.43,68.61,1019.42,5.02,NEXTSENSE-7:0:0
A1,12201608010700,19415.00,21.43,96.40,21.43,67.07,1019.62,5.02,NEXTSENSE-8:0:0
A1,12201608010800,48134.00,21.43,95.78,21.43,69.28,1019.62,5.02,NEXTSENSE-9:0:0
A1,12201608010900,65535.00,21.43,94.52,21.43,65.69,1019.75,5.02,NEXTSENSE-10:0:0
A1,12201608011000,65535.00,21.43,93.61,21.43,60.45,1020.14,5.02,NEXTSENSE-11:0:0
A1,12201608011100,65535.00,21.43,93.06,21.43,62.06,1020.24,5.02,NEXTSENSE-12:0:0
A1,12201608011200,65535.00,23.99,93.18,23.73,59.37,1019.99,5.02,NEXTSENSE-13:0:0
A1,12201608011300,65535.00,23.99,93.36,21.91,59.08,1019.62,5.03,NEXTSENSE-14:0:0
A1,12201608011400,65535.00,22.77,93.41,23.75,59.37,1019.51,5.02,NEXTSENSE-15:0:0
A1,12201608011500,59416.00,22.39,93.30,21.43,64.70,1019.40,5.02,NEXTSENSE-16:0:0
A1,12201608011600,56529.00,23.99,93.13,21.43,69.74,1019.07,5.02,NEXTSENSE-17:0:0
A1,12201608011700,65535.00,21.43,93.07,21.43,71.97,1018.53,5.02,NEXTSENSE-18:0:0
A1,12201608011800,26312.00,21.43,93.06,21.43,68.21,1018.13,5.02,NEXTSENSE-19:0:0
A1,12201608011900,5883.00,21.43,94.15,21.43,72.08,1017.68,5.03,NEXTSENSE-20:0:0
A1,12201608012000,3709.00,21.43,95.24,21.43,79.71,1017.09,5.02,NEXTSENSE-21:0:0
A1,12201608012100,66.00,21.43,95.69,21.43,93.06,1016.41,5.02,NEXTSENSE-22:0:0
A1,12201608012200,2.00,21.43,95.82,21.43,93.06,1015.76,5.02,NEXTSENSE-23:0:0
A1,12201608012300,2.00,21.43,96.09,21.43,93.06,1014.82,5.02,NEXTSENSE-0:0:0
A2,12201608012310,2.00,21.43,96.09,21.43,93.06,1014.82,5.02,NEXTFEED-2016-8-2@23:10:0
A1,12201608020000,2.00,21.43,96.27,21.43,93.06,1013.76,5.02,NEXTSENSE-1:0:0
A1,12201608020100,2.00,21.43,96.40,21.43,93.06,1012.40,5.02,NEXTSENSE-2:0:0
A1,12201608020200,2.00,21.43,96.40,21.43,93.06,1011.48,5.02,NEXTSENSE-3:0:0
A1,12201608020300,1.00,21.43,96.22,21.43,93.06,1010.50,5.02,NEXTSENSE-4:0:0
A1,12201608020400,1.00,21.43,95.69,21.43,93.06,1010.15,5.02,NEXTSENSE-5:0:0
A1,12201608020500,20.00,21.43,95.33,21.43,93.06,1009.73,5.02,NEXTSENSE-6:0:0
A1,12201608020600,2000.00,21.43,95.24,21.43,93.06,1009.62,5.02,NEXTSENSE-7:0:0
A1,12201608020700,7046.00,21.43,94.61,21.43,93.06,1009.73,5.02,NEXTSENSE-8:0:0
A1,12201608020800,24460.00,21.43,93.97,21.43,93.06,1009.85,5.02,NEXTSENSE-9:0:0
A1,12201608020900,32140.00,21.43,93.06,21.43,93.06,1009.90,5.02,NEXTSENSE-10:0:0
A1,12201608021000,32511.00,21.43,93.06,21.43,93.06,1010.02,5.02,NEXTSENSE-11:0:0
A1,12201608021100,46561.00,21.43,93.06,21.91,93.20,1010.13,5.01,NEXTSENSE-12:0:0
A1,12201608021200,54030.00,23.99,93.20,23.35,93.55,1010.15,5.02,NEXTSENSE-13:0:0
A1,12201608021300,33472.00,22.43,93.32,22.19,93.26,1010.37,5.02,NEXTSENSE-14:0:0
A1,12201608021400,40626.00,23.99,93.46,23.95,93.70,1010.17,5.02,NEXTSENSE-15:0:0
A1,12201608021500,33381.00,23.99,93.67,22.85,93.43,1010.25,5.02,NEXTSENSE-16:0:0
A1,12201608021600,32419.00,23.99,93.14,22.89,80.43,1010.32,5.02,NEXTSENSE-17:0:0
A1,12201608021700,16085.00,23.83,93.71,21.91,93.18,1010.21,5.01,NEXTSENSE-18:0:0
A1,12201608021800,37651.00,21.57,93.11,22.23,93.30,1010.13,5.01,NEXTSENSE-19:0:0
A1,12201608021900,7522.00,21.91,93.18,22.09,93.23,1009.85,5.00,NEXTSENSE-20:0:0
A1,12201608022000,6185.00,23.99,93.69,23.35,93.55,1010.11,5.02,NEXTSENSE-21:0:0
A1,12201608022100,51.00,23.99,93.63,22.39,93.31,1010.24,5.00,NEXTSENSE-22:0:0
A1,12201608022200,2.00,23.99,93.55,21.63,93.12,1010.21,5.02,NEXTSENSE-23:0:0
A1,12201608022300,2.00,22.95,93.46,21.43,93.06,1010.03,5.02,NEXTSENSE-0:0:0
A2,12201608022310,2.00,22.95,93.46,21.43,93.06,1010.03,5.02,NEXTFEED-2016-8-3@23:10:0
A1,12201608030000,2.00,23.99,93.40,21.43,93.06,1010.03,5.02,NEXTSENSE-1:0:0
A1,12201608030100,1.00,23.99,93.36,21.43,93.06,1009.32,5.03,NEXTSENSE-2:0:0
A1,12201608030200,2.00,23.99,93.34,21.43,93.06,1009.20,5.02,NEXTSENSE-3:0:0
A1,12201608030300,2.00,23.99,93.30,21.43,93.06,1008.58,5.02,NEXTSENSE-4:0:0
A1,12201608030400,1.00,23.99,93.30,21.43,93.06,1008.29,5.02,NEXTSENSE-5:0:0
A1,12201608030500,6.00,22.17,93.26,21.43,93.06,1008.04,5.03,NEXTSENSE-6:0:0
A1,12201608030600,3222.00,23.99,93.30,21.43,93.06,1007.84,5.02,NEXTSENSE-7:0:0
A1,12201608030700,11177.00,23.99,93.30,21.43,93.06,1007.84,5.02,NEXTSENSE-8:0:0
A1,12201608030800,60921.00,23.99,93.30,21.43,77.39,1008.24,5.02,NEXTSENSE-9:0:0
A1,12201608030900,65535.00,23.99,93.43,22.91,68.43,1008.55,5.02,NEXTSENSE-10:0:0
A1,12201608031000,65535.00,23.99,93.55,23.83,67.26,1008.47,5.02,NEXTSENSE-11:0:0
A1,12201608031100,65535.00,23.99,93.11,23.97,67.05,1008.47,5.03,NEXTSENSE-12:0:0
A1,12201608031200,65535.00,23.99,93.30,25.03,65.38,1008.12,5.02,NEXTSENSE-13:0:0
A1,12201608031300,65535.00,23.99,93.56,26.47,59.79,1007.99,5.02,NEXTSENSE-14:0:0
A1,12201608031400,65535.00,26.55,93.96,31.67,60.58,1007.51,5.02,NEXTSENSE-15:0:0
A1,12201608031500,65535.00,26.55,93.88,31.67,52.46,1007.41,5.02,NEXTSENSE-16:0:0
A1,12201608031600,65535.00,26.39,94.34,26.39,59.77,1006.91,5.02,NEXTSENSE-17:0:0
A1,12201608031700,42500.00,26.55,94.35,31.67,60.58,1006.53,5.02,NEXTSENSE-18:0:0
A1,12201608031800,65535.00,25.55,94.11,25.97,59.71,1006.38,5.02,NEXTSENSE-19:0:0
A1,12201608031900,27150.00,24.13,93.76,22.55,61.58,1006.71,5.02,NEXTSENSE-20:0:0
A1,12201608032000,7165.00,23.99,93.37,22.83,66.01,1006.93,5.02,NEXTSENSE-21:0:0
A1,12201608032100,291.00,23.99,93.71,21.43,73.07,1007.58,5.02,NEXTSENSE-22:0:0
A1,12201608032200,0.00,23.99,93.39,21.43,68.55,1007.69,5.02,NEXTSENSE-23:0:0
A1,12201608032300,1.00,23.99,93.83,21.43,73.29,1007.87,5.02,NEXTSENSE-0:0:0
A2,12201608032310,1.00,23.99,93.83,21.43,73.29,1007.87,5.02,NEXTFEED-2016-8-4@23:10:0
A1,12201608040000,1.00,21.43,94.15,21.43,76.32,1008.11,5.02,NEXTSENSE-1:0:0
A1,12201608040100,1.00,21.43,94.61,21.43,75.14,1008.17,5.02,NEXTSENSE-2:0:0
A1,12201608040200,1.00,21.43,95.24,21.43,75.79,1007.82,5.02,NEXTSENSE-3:0:0
A1,12201608040300,1.00,21.43,95.24,21.43,73.29,1007.79,5.02,NEXTSENSE-4:0:0
A1,12201608040400,1.00,21.43,95.33,21.43,77.07,1007.76,5.02,NEXTSENSE-5:0:0
A1,12201608040500,75.00,21.43,95.42,21.43,76.32,1007.98,5.02,NEXTSENSE-6:0:0
A1,12201608040600,5430.00,21.43,95.69,21.43,75.09,1008.20,5.02,NEXTSENSE-7:0:0
A1,12201608040700,20062.00,21.43,95.33,21.43,75.09,1008.51,5.02,NEXTSENSE-8:0:0
A1,12201608040800,39060.00,21.43,94.70,21.43,69.96,1008.71,5.02,NEXTSENSE-9:0:0
A1,12201608040900,65535.00,21.43,93.61,21.43,71.97,1008.95,5.02,NEXTSENSE-10:0:0
A1,12201608041000,65535.00,21.43,93.06,21.43,71.08,1009.23,5.02,NEXTSENSE-11:0:0
A1,12201608041100,65535.00,23.99,93.22,22.15,65.76,1009.05,5.02,NEXTSENSE-12:0:0
A1,12201608041200,65535.00,23.99,93.18,26.53,59.79,1009.16,5.02,NEXTSENSE-13:0:0
A1,12201608041300,65535.00,23.99,93.34,24.15,59.42,1009.25,5.01,NEXTSENSE-14:0:0
A1,12201608041400,65535.00,22.55,93.37,24.75,59.52,1009.38,5.02,NEXTSENSE-15:0:0
A1,12201608041500,65535.00,23.35,93.55,25.91,59.69,1009.59,5.02,NEXTSENSE-16:0:0
A1,12201608041600,65535.00,23.99,93.71,25.13,51.60,1009.75,5.02,NEXTSENSE-17:0:0
A1,12201608041700,65535.00,23.99,93.68,25.33,51.62,1009.79,5.02,NEXTSENSE-18:0:0
A1,12201608041800,65535.00,26.55,93.96,26.25,51.75,1010.48,5.02,NEXTSENSE-19:0:0
A1,12201608041900,30683.00,23.99,93.63,23.35,59.30,1011.36,5.02,NEXTSENSE-20:0:0
A1,12201608042000,6576.00,23.99,93.18,22.81,59.22,1012.21,5.02,NEXTSENSE-21:0:0
A1,12201608042100,218.00,23.99,93.58,21.43,60.45,1012.93,5.02,NEXTSENSE-22:0:0
A1,12201608042200,1.00,23.99,93.36,21.43,66.44,1013.59,5.02,NEXTSENSE-23:0:0
A1,12201608042300,1.00,21.75,93.16,21.43,64.70,1014.16,5.02,NEXTSENSE-0:0:0
A2,12201608042310,1.00,21.75,93.16,21.43,64.70,1014.16,5.02,NEXTFEED-2016-8-5@23:10:0
A1,12201608050000,0.00,21.43,93.24,21.43,68.15,1014.65,5.02,NEXTSENSE-1:0:0
A1,12201608050100,1.00,21.43,93.97,21.43,71.97,1015.00,5.02,NEXTSENSE-2:0:0
A1,12201608050200,0.00,21.43,94.56,21.43,76.32,1015.31,5.02,NEXTSENSE-3:0:0
A1,12201608050300,0.00,21.43,95.24,21.43,78.87,1015.95,5.02,NEXTSENSE-4:0:0
A1,12201608050400,0.00,21.43,95.42,21.43,74.49,1016.50,5.02,NEXTSENSE-5:0:0
A1,12201608050500,63.00,21.43,95.78,21.43,77.18,1017.10,5.02,NEXTSENSE-6:0:0
A1,12201608050600,5362.00,21.43,96.09,21.43,77.50,1017.69,5.02,NEXTSENSE-7:0:0
A1,12201608050700,41087.00,21.43,95.69,21.43,76.32,1018.05,5.02,NEXTSENSE-8:0:0
A1,12201608050800,65535.00,21.43,93.88,21.43,72.30,1018.86,5.02,NEXTSENSE-9:0:0
A1,12201608050900,65535.00,21.43,113.69,21.43,69.28,1019.54,5.02,NEXTSENSE-10:0:0
A1,12201608051000,65535.00,21.93,93.20,22.55,62.53,1019.92,5.02,NEXTSENSE-11:0:0
A1,12201608051100,65535.00,21.67,93.12,26.23,59.74,1020.23,5.02,NEXTSENSE-12:0:0
A1,12201608051200,65535.00,23.99,93.58,25.91,51.69,1020.51,5.02,NEXTSENSE-13:0:0
A1,12201608051300,65535.00,24.55,93.86,31.67,52.46,1020.65,5.02,NEXTSENSE-14:0:0
A1,12201608051400,65535.00,26.55,93.83,31.67,39.03,1020.82,5.02,NEXTSENSE-15:0:0
A1,12201608051500,65535.00,26.55,94.09,31.67,41.79,1020.76,5.02,NEXTSENSE-16:0:0
A1,12201608051600,65535.00,25.93,94.22,31.67,42.88,1020.64,5.03,NEXTSENSE-17:0:0
A1,12201608051700,64703.00,26.55,94.02,31.67,52.46,1020.88,5.02,NEXTSENSE-18:0:0
A1,12201608051800,52939.00,26.55,94.32,24.95,51.56,1020.92,5.03,NEXTSENSE-19:0:0
A1,12201608051900,31504.00,26.55,94.28,25.91,51.69,1021.04,5.02,NEXTSENSE-20:0:0
A1,12201608052000,13908.00,26.55,93.96,24.47,59.49,1021.59,5.02,NEXTSENSE-21:0:0
A1,12201608052100,203.00,23.99,93.67,22.67,64.89,1022.28,5.02,NEXTSENSE-22:0:0
A1,12201608052200,1.00,23.99,93.41,23.35,62.19,1022.88,5.00,NEXTSENSE-23:0:0
A1,12201608052300,1.00,23.99,93.13,21.43,64.87,1023.22,5.02,NEXTSENSE-0:0:0
A2,12201608052310,1.00,23.99,93.13,21.43,64.87,1023.22,5.02,NEXTFEED-2016-8-6@23:10:0
A1,12201608060000,0.00,23.99,93.42,21.43,63.30,1023.57,5.04,NEXTSENSE-1:0:0
A1,12201608060100,1.00,21.43,93.15,21.43,66.32,1023.94,5.03,NEXTSENSE-2:0:0
A1,12201608060200,0.00,21.43,94.15,21.43,70.24,1024.13,5.03,NEXTSENSE-3:0:0
A1,12201608060300,1.00,21.43,94.79,21.43,68.44,1024.30,5.03,NEXTSENSE-4:0:0
A1,12201608060400,0.00,21.43,95.37,21.43,70.97,1024.56,5.03,NEXTSENSE-5:0:0
A1,12201608060500,29.00,21.43,95.78,21.43,75.03,1024.97,5.03,NEXTSENSE-6:0:0
A1,12201608060600,3551.00,21.43,96.13,21.43,78.87,1025.40,5.03,NEXTSENSE-7:0:0
A1,12201608060700,28241.00,21.43,95.96,21.43,78.87,1026.05,5.03,NEXTSENSE-8:0:0
A1,12201608060800,60259.00,21.43,93.93,21.43,70.86,1026.42,5.03,NEXTSENSE-9:0:0
A1,12201608060900,65535.00,21.43,93.06,22.13,63.89,1027.04,5.03,NEXTSENSE-10:0:0
A1,12201608061000,65535.00,23.99,93.42,24.95,59.55,1027.04,5.04,NEXTSENSE-11:0:0
A1,12201608061100,58131.00,23.99,93.37,25.91,59.69,1027.32,5.04,NEXTSENSE-12:0:0
A1,12201608061200,65535.00,26.55,93.90,31.67,52.46,1027.52,5.03,NEXTSENSE-13:0:0
A1,12201608061300,65535.00,26.55,94.24,31.67,52.46,1027.58,5.04,NEXTSENSE-14:0:0
A1,12201608061400,45620.00,31.67,95.67,31.67,39.03,1027.46,5.04,NEXTSENSE-15:0:0
A1,12201608061500,65535.00,31.67,95.67,31.67,39.66,1027.51,5.03,NEXTSENSE-16:0:0
A1,12201608061600,65535.00,31.67,95.67,31.67,41.79,1027.07,5.03,NEXTSENSE-17:0:0
A1,12201608061700,65535.00,31.67,95.67,31.67,39.31,1026.98,5.03,NEXTSENSE-18:0:0
A1,12201608061800,65535.00,31.67,95.67,31.67,43.09,1026.82,5.04,NEXTSENSE-19:0:0
A1,12201608061900,65535.00,31.67,95.67,31.67,52.46,1026.72,5.03,NEXTSENSE-20:0:0
A1,12201608062000,5655.00,24.47,93.85,25.91,59.69,1026.98,5.03,NEXTSENSE-21:0:0
A1,12201608062100,159.00,26.55,94.05,22.97,59.40,1027.57,5.03,NEXTSENSE-22:0:0
A1,12201608062200,0.00,23.71,93.64,23.35,62.19,1027.46,5.03,NEXTSENSE-23:0:0
A1,12201608062300,1.00,23.99,93.30,21.43,64.93,1027.17,5.04,NEXTSENSE-0:0:0
A2,12201608062310,1.00,23.99,93.30,21.43,64.93,1027.17,5.04,NEXTFEED-2016-8-7@23:10:0
A1,12201608070000,1.00,21.79,93.18,21.43,69.74,1027.33,5.02,NEXTSENSE-1:0:0
A1,12201608070100,1.00,23.99,93.67,21.43,72.19,1026.63,5.02,NEXTSENSE-2:0:0
A1,12201608070200,0.00,23.99,93.55,21.43,75.30,1025.99,5.03,NEXTSENSE-3:0:0
A1,12201608070300,1.00,23.99,93.55,21.43,72.85,1025.59,5.02,NEXTSENSE-4:0:0
A1,12201608070400,1.00,23.99,93.55,21.43,73.84,1025.23,5.02,NEXTSENSE-5:0:0
A1,12201608070500,12.00,23.99,93.55,21.43,75.79,1025.02,5.02,NEXTSENSE-6:0:0
A1,12201608070600,2053.00,23.99,93.55,21.43,78.87,1024.94,5.02,NEXTSENSE-7:0:0
A1,12201608070700,7109.00,23.67,93.63,21.79,79.26,1024.90,5.02,NEXTSENSE-8:0:0
A1,12201608070800,32116.00,23.99,93.67,22.77,79.24,1024.88,5.02,NEXTSENSE-9:0:0
A1,12201608070900,41148.00,23.99,93.30,22.55,74.25,1024.76,5.02,NEXTSENSE-10:0:0
A1,12201608071000,64187.00,23.67,93.63,25.41,74.39,1024.63,5.00,NEXTSENSE-11:0:0
A1,12201608071100,65535.00,26.55,94.36,31.67,65.10,1024.33,5.00,NEXTSENSE-12:0:0
A1,12201608071200,65535.00,31.67,95.67,31.67,52.46,1023.78,5.00,NEXTSENSE-13:0:0
A1,12201608071300,65535.00,31.67,107.14,31.67,52.46,1022.91,5.00,NEXTSENSE-14:0:0
A1,12201608071400,65535.00,31.67,95.67,31.67,52.46,1022.68,5.00,NEXTSENSE-15:0:0
A1,12201608071500,65535.00,31.67,95.67,31.67,41.93,1022.38,4.97,NEXTSENSE-16:0:0
A1,12201608071600,65535.00,31.67,95.67,33.91,30.93,1021.81,5.00,NEXTSENSE-17:0:0
A1,12201608071700,65535.00,31.67,95.67,31.67,42.20,1021.21,5.02,NEXTSENSE-18:0:0
A1,12201608071800,65535.00,31.67,95.67,31.67,41.79,1021.04,5.02,NEXTSENSE-19:0:0
A1,12201608071900,65535.00,31.67,95.67,25.99,41.19,1020.69,5.02,NEXTSENSE-20:0:0
A1,12201608072000,8434.00,26.55,94.32,23.99,51.44,1020.54,5.02,NEXTSENSE-21:0:0
A1,12201608072100,122.00,24.17,93.76,23.99,59.40,1021.02,5.02,NEXTSENSE-22:0:0
A1,12201608072200,1.00,23.99,93.32,21.43,59.01,1021.15,5.02,NEXTSENSE-23:0:0
A1,12201608072300,1.00,23.99,93.65,21.43,59.73,1021.07,5.02,NEXTSENSE-0:0:0
A2,12201608072310,1.00,23.99,93.65,21.43,59.73,1021.07,5.02,NEXTFEED-2016-8-8@23:10:0
A1,12201608080000,0.00,23.99,93.35,21.43,59.73,1020.75,5.02,NEXTSENSE-1:0:0
A1,12201608080100,1.00,21.47,93.42,21.43,66.32,1020.58,5.02,NEXTSENSE-2:0:0
A1,12201608080200,1.00,21.43,93.61,21.43,68.38,1020.05,5.02,NEXTSENSE-3:0:0
A1,12201608080300,0.00,21.43,93.88,21.43,72.08,1019.89,5.02,NEXTSENSE-4:0:0
A1,12201608080400,1.00,21.43,93.70,21.43,73.34,1019.63,5.02,NEXTSENSE-5:0:0
A1,12201608080500,27.00,21.43,94.61,21.43,75.25,1019.71,5.02,NEXTSENSE-6:0:0
A1,12201608080600,6738.00,21.43,95.24,21.43,73.67,1020.39,5.02,NEXTSENSE-7:0:0
A1,12201608161500,65535.00,31.67,43.97,31.67,43.97,1018.29,5.03,NEXTSENSE-16:0:0
A1,12201608161600,65535.00,26.55,74.72,26.55,51.78,1018.42,5.03,NEXTSENSE-17:0:0
A1,12201608161700,65535.00,26.55,74.72,31.67,52.46,1018.17,5.03,NEXTSENSE-18:0:0
A1,12201608161800,65535.00,26.55,74.72,26.55,59.79,1017.80,5.03,NEXTSENSE-19:0:0
A1,12201608161900,65535.00,23.99,74.22,23.99,59.40,1017.62,5.03,NEXTSENSE-20:0:0
A1,12201608162000,12078.00,23.99,81.09,21.43,59.01,1017.57,5.02,NEXTSENSE-21:0:0
A1,12201608162100,9.00,21.43,80.54,21.43,66.55,1017.53,5.02,NEXTSENSE-22:0:0
A1,12201608162200,1.00,21.43,80.54,21.43,73.73,1017.65,5.02,NEXTSENSE-23:0:0
A1,12201608162300,1.00,21.43,80.54,21.43,73.73,1017.50,5.02,NEXTSENSE-0:0:0
A2,12201608162310,1.00,21.43,80.54,21.43,73.73,1017.50,5.02,NEXTFEED-2016-8-17@23:10:0
A1,12201608170000,1.00,21.43,93.06,21.43,73.73,1017.47,5.01,NEXTSENSE-1:0:0
A1,12201608170100,1.00,21.43,93.06,21.43,80.54,1017.12,5.01,NEXTSENSE-2:0:0
A1,12201608170200,1.00,21.43,93.06,21.43,80.54,1016.61,5.01,NEXTSENSE-3:0:0
A1,12201608170300,0.00,21.43,93.06,21.43,80.54,1016.16,5.01,NEXTSENSE-4:0:0
A1,12201608170400,0.00,21.43,93.06,21.43,80.54,1015.64,5.01,NEXTSENSE-5:0:0
A1,12201608170500,4.00,21.43,93.06,21.43,80.54,1015.25,5.01,NEXTSENSE-6:0:0
A1,12201608170600,5510.00,21.43,93.06,21.43,93.06,1014.89,5.01,NEXTSENSE-7:0:0
A1,12201608170700,43286.00,21.43,93.06,21.43,93.06,1014.78,5.01,NEXTSENSE-8:0:0
A1,12201608170800,65535.00,21.43,93.06,21.43,80.54,1014.61,5.01,NEXTSENSE-9:0:0
A1,12201608170900,65535.00,21.43,93.06,21.43,73.73,1014.43,5.01,NEXTSENSE-10:0:0
A1,12201608171000,65535.00,23.99,81.09,26.55,67.44,1014.57,5.02,NEXTSENSE-11:0:0
A1,12201608171100,65535.00,26.55,81.64,31.67,60.58,1014.29,5.03,NEXTSENSE-12:0:0
A1,12201608171200,65535.00,26.55,74.72,31.67,52.46,1013.87,5.03,NEXTSENSE-13:0:0
A1,12201608171300,65535.00,39.35,61.75,36.79,35.58,1013.30,5.03,NEXTSENSE-14:0:0
A1,12201608171400,65535.00,39.35,53.48,34.23,44.26,1013.06,5.04,NEXTSENSE-15:0:0
A1,12201608171500,65535.00,31.67,60.58,31.67,35.11,1012.62,5.03,NEXTSENSE-16:0:0
A1,12201608171600,65535.00,31.67,60.58,31.67,43.97,1012.16,5.04,NEXTSENSE-17:0:0
A1,12201608171700,65535.00,31.67,60.58,31.67,43.97,1011.96,5.03,NEXTSENSE-18:0:0
A1,12201608171800,65535.00,23.99,93.71,23.99,74.22,1011.86,5.03,NEXTSENSE-19:0:0
A1,12201608171900,65535.00,23.99,93.71,23.99,67.00,1011.81,5.03,NEXTSENSE-20:0:0
A1,12201608172000,2925.00,23.99,93.71,23.99,74.22,1011.95,5.03,NEXTSENSE-21:0:0
A1,12201608172100,5.00,21.43,93.06,21.43,73.73,1012.20,5.03,NEXTSENSE-22:0:0
A1,12201608172200,1.00,21.43,93.06,21.43,73.73,1012.14,5.02,NEXTSENSE-23:0:0
A1,12201608172300,1.00,21.43,93.06,21.43,80.54,1012.19,5.02,NEXTSENSE-0:0:0
A2,12201608172310,1.00,21.43,93.06,21.43,80.54,1012.19,5.02,NEXTFEED-2016-8-18@23:10:0
A1,12201608180000,1.00,21.43,93.06,21.43,80.54,1011.76,5.01,NEXTSENSE-1:0:0
A1,12201608180100,1.00,21.43,93.06,21.43,80.54,1011.32,5.01,NEXTSENSE-2:0:0
A1,12201608180200,1.00,21.43,98.76,21.43,93.06,1010.72,5.01,NEXTSENSE-3:0:0
A1,12201608180300,1.00,21.43,98.76,21.43,93.06,1010.57,5.01,NEXTSENSE-4:0:0
A1,12201608180400,1.00,21.43,98.76,21.43,93.06,1010.94,5.01,NEXTSENSE-5:0:0
A1,12201608180500,4.00,21.43,98.76,21.43,93.06,1010.84,5.01,NEXTSENSE-6:0:0
A1,12201608180600,2610.00,21.43,98.76,21.43,93.06,1010.55,5.01,NEXTSENSE-7:0:0
A1,12201608180700,23500.00,21.43,98.76,21.43,93.06,1010.23,5.01,NEXTSENSE-8:0:0
A1,12201608180800,65535.00,21.43,93.06,21.43,80.54,1010.33,4.94,NEXTSENSE-9:0:0
A1,12201608180900,65535.00,21.43,93.06,21.43,80.54,1010.39,5.02,NEXTSENSE-10:0:0
A1,12201608181000,65535.00,23.99,93.71,26.55,74.72,1010.36,5.02,NEXTSENSE-11:0:0
A1,12201608181100,65535.00,23.99,93.71,26.55,67.44,1010.70,5.02,NEXTSENSE-12:0:0
A1,12201608181200,65535.00,23.99,93.71,26.55,67.44,1010.32,5.02,NEXTSENSE-13:0:0
A1,12201608181300,65535.00,26.23,94.36,31.67,52.46,1010.42,5.02,NEXTSENSE-14:0:0
A1,12201608181400,65535.00,31.67,95.67,31.67,52.46,1010.46,5.02,NEXTSENSE-15:0:0
A1,12201608181500,65535.00,25.53,94.12,31.67,43.97,1010.26,5.02,NEXTSENSE-16:0:0
A1,12201608181600,65535.00,26.55,94.36,31.67,52.46,1009.96,5.02,NEXTSENSE-17:0:0
A1,12201608181700,65535.00,26.55,81.64,26.55,51.78,1010.15,5.02,NEXTSENSE-18:0:0
A1,12201608181800,65535.00,26.55,94.36,26.55,51.78,1010.39,5.01,NEXTSENSE-19:0:0
A1,12201608181900,65535.00,26.55,94.36,26.55,51.78,1010.51,4.99,NEXTSENSE-20:0:0
A1,12201608182000,6510.00,23.99,93.71,23.99,59.40,1010.59,5.03,NEXTSENSE-21:0:0
A1,12201608182100,4.00,21.43,93.06,21.43,73.73,1010.84,5.02,NEXTSENSE-22:0:0
A1,12201608182200,1.00,21.43,93.06,21.43,80.54,1011.03,5.02,NEXTSENSE-23:0:0
A1,12201608182300,1.00,21.43,93.06,21.43,80.54,1010.71,5.02,NEXTSENSE-0:0:0
A2,12201608182310,1.00,21.43,93.06,21.43,80.54,1010.71,5.02,NEXTFEED-2016-8-19@23:10:0
A1,12201608190000,2.00,21.43,93.06,21.43,80.54,1010.90,5.01,NEXTSENSE-1:0:0
A1,12201608190100,2.00,21.43,93.06,21.43,80.54,1010.34,4.99,NEXTSENSE-2:0:0
A1,12201608190200,3.00,21.43,93.06,21.43,80.54,1010.15,5.01,NEXTSENSE-3:0:0
A1,12201608190300,2.00,21.43,93.06,21.43,80.54,1009.63,5.01,NEXTSENSE-4:0:0
A1,12201608190400,2.00,21.43,93.06,21.43,80.54,1009.01,5.01,NEXTSENSE-5:0:0
A1,12201608190500,3.00,21.43,93.06,21.43,80.54,1008.37,5.01,NEXTSENSE-6:0:0
A1,12201608190600,3270.00,21.43,93.06,21.43,80.54,1008.22,5.01,NEXTSENSE-7:0:0
A1,12201608190700,11945.00,21.43,93.06,21.43,80.54,1007.98,5.01,NEXTSENSE-8:0:0
A1,12201608190800,32495.00,21.43,93.06,21.43,80.54,1007.79,5.01,NEXTSENSE-9:0:0
A1,12201608190900,64517.00,21.43,93.06,21.43,93.06,1007.41,5.01,NEXTSENSE-10:0:0
A1,12201608191000,65535.00,21.43,93.06,21.43,80.54,1007.19,5.01,NEXTSENSE-11:0:0
A1,12201608191100,65535.00,23.99,93.71,23.99,81.09,1007.00,5.01,NEXTSENSE-12:0:0
A1,12201608191200,65535.00,23.99,93.71,23.99,81.09,1006.60,5.01,NEXTSENSE-13:0:0
A1,12201608191300,38914.00,21.43,93.06,21.43,93.06,1006.26,5.01,NEXTSENSE-14:0:0
A1,12201608191400,28564.00,21.43,93.06,21.43,93.06,1006.12,5.01,NEXTSENSE-15:0:0
A1,12201608191500,65535.00,23.99,93.71,23.99,74.22,1005.73,5.01,NEXTSENSE-16:0:0
A1,12201608191600,57340.00,21.43,93.06,21.43,73.73,1005.77,5.01,NEXTSENSE-17:0:0
A1,12201608191700,42777.00,21.43,93.06,21.43,93.06,1005.53,5.01,NEXTSENSE-18:0:0
A1,12201608191800,65535.00,21.43,93.06,21.43,93.06,1005.18,5.01,NEXTSENSE-19:0:0
A1,12201608191900,65535.00,21.43,93.06,21.43,80.54,1005.07,5.01,NEXTSENSE-20:0:0
A1,12201608192000,6182.00,21.43,93.06,21.43,80.54,1005.47,5.01,NEXTSENSE-21:0:0
A1,12201608192100,4.00,21.43,93.06,21.43,93.06,1005.93,5.01,NEXTSENSE-22:0:0
A1,12201608192200,0.00,21.43,93.06,21.43,93.06,1006.12,5.01,NEXTSENSE-23:0:0
A1,12201608192300,1.00,21.43,93.06,21.43,93.06,1006.33,5.01,NEXTSENSE-0:0:0
A2,12201608192310,1.00,21.43,93.06,21.43,93.06,1006.33,5.01,NEXTFEED-2016-8-20@23:10:0
A1,12201608200000,1.00,21.43,93.06,21.43,80.54,1006.27,5.01,NEXTSENSE-1:0:0
A1,12201608200100,1.00,21.43,93.06,21.43,80.54,1006.38,5.01,NEXTSENSE-2:0:0
A1,12201608200200,1.00,21.43,93.06,21.43,80.54,1006.21,5.01,NEXTSENSE-3:0:0
A1,12201608200300,1.00,21.43,93.06,21.43,80.54,1006.03,5.01,NEXTSENSE-4:0:0
A1,12201608200400,2.00,21.43,93.06,21.43,80.54,1006.02,5.01,NEXTSENSE-5:0:0
A1,12201608200500,3.00,21.43,93.06,21.43,80.54,1005.94,5.01,NEXTSENSE-6:0:0
A1,12201608200600,4357.00,21.43,93.06,21.43,80.54,1005.81,5.01,NEXTSENSE-7:0:0
A1,12201608200700,38288.00,21.43,93.06,21.43,80.54,1005.90,5.01,NEXTSENSE-8:0:0
A1,12201608200800,65347.00,21.43,93.06,21.43,80.54,1005.95,5.01,NEXTSENSE-9:0:0
A1,12201608200900,49640.00,21.43,93.06,21.43,73.73,1005.89,5.01,NEXTSENSE-10:0:0
A1,12201608201000,40685.00,21.43,93.06,21.43,80.54,1006.56,5.02,NEXTSENSE-11:0:0
A1,12201608201100,65535.00,21.43,93.06,21.43,93.06,1006.76,5.01,NEXTSENSE-12:0:0
A1,12201608201200,65535.00,21.43,93.06,23.99,74.22,1006.74,4.89,NEXTSENSE-13:0:0
A1,12201608201300,65535.00,24.33,73.86,23.99,59.40,1006.55,5.02,NEXTSENSE-14:0:0
A1,12201608201400,65535.00,31.67,60.58,26.55,59.79,1006.55,5.03,NEXTSENSE-15:0:0
A1,12201608201500,65535.00,26.55,67.44,26.55,51.78,1006.90,5.03,NEXTSENSE-16:0:0
A1,12201608201600,65535.00,23.99,67.00,23.99,59.40,1006.93,5.02,NEXTSENSE-17:0:0
A1,12201608201700,65535.00,21.43,73.73,21.43,66.55,1007.20,5.02,NEXTSENSE-18:0:0
A1,12201608201800,65535.00,21.43,73.73,21.43,66.55,1007.36,5.02,NEXTSENSE-19:0:0
A1,12201608201900,20186.00,21.43,80.54,21.43,80.54,1007.90,5.02,NEXTSENSE-20:0:0
A1,12201608202000,597.00,21.43,93.06,21.43,93.06,1008.18,5.02,NEXTSENSE-21:0:0
A1,12201608202100,3.00,21.43,93.06,21.43,93.06,1008.95,5.02,NEXTSENSE-22:0:0
A1,12201608202200,1.00,21.43,93.06,21.43,93.06,1008.88,5.02,NEXTSENSE-23:0:0
A1,12201608202300,2.00,21.43,93.06,21.43,80.54,1008.95,5.02,NEXTSENSE-0:0:0
A2,12201608202310,2.00,21.43,93.06,21.43,80.54,1008.95,5.02,NEXTFEED-2016-8-21@23:10:0
A1,12201608210000,3.00,21.43,93.06,21.43,80.54,1009.33,5.02,NEXTSENSE-1:0:0
A1,12201608210100,3.00,21.43,93.06,21.43,80.54,1009.57,5.02,NEXTSENSE-2:0:0
A1,12201608210200,3.00,21.43,93.06,21.43,80.54,1009.84,5.02,NEXTSENSE-3:0:0
A1,12201608210300,2.00,21.43,93.06,21.43,93.06,1010.35,5.02,NEXTSENSE-4:0:0
A1,12201608210400,2.00,21.43,93.06,21.43,80.54,1010.63,5.02,NEXTSENSE-5:0:0
A1,12201608210500,2.00,21.43,93.06,21.43,80.54,1011.59,5.02,NEXTSENSE-6:0:0
A1,12201608210600,1985.00,21.43,93.06,21.43,80.54,1011.98,5.02,NEXTSENSE-7:0:0
A1,12201608210700,20851.00,21.43,93.06,21.43,93.06,1012.88,5.02,NEXTSENSE-8:0:0
A1,12201608210800,65535.00,21.43,93.06,21.43,80.54,1013.51,5.02,NEXTSENSE-9:0:0
A1,12201608210900,65535.00,21.43,77.12,21.43,73.73,1014.42,5.02,NEXTSENSE-10:0:0
A1,12201608211000,65535.00,21.43,80.12,21.43,73.73,1015.07,5.02,NEXTSENSE-11:0:0
A1,12201608211100,65535.00,21.43,74.27,21.43,66.55,1015.88,5.02,NEXTSENSE-12:0:0
A1,12201608211200,57595.00,21.43,70.46,21.43,66.55,1016.64,5.02,NEXTSENSE-13:0:0
A1,12201608211300,65535.00,22.91,67.09,23.99,59.40,1017.21,5.02,NEXTSENSE-14:0:0
A1,12201608211400,65535.00,24.27,63.76,26.55,59.79,1017.61,5.02,NEXTSENSE-15:0:0
A1,12201608211500,65535.00,23.43,74.54,23.99,59.40,1018.41,5.03,NEXTSENSE-16:0:0
A1,12201608211600,65535.00,25.57,59.64,26.55,51.78,1018.89,5.03,NEXTSENSE-17:0:0
A1,12201608211700,65535.00,24.57,59.50,26.55,51.78,1019.11,5.03,NEXTSENSE-18:0:0
A1,12201608211800,43621.00,23.99,67.00,23.99,51.44,1019.74,5.03,NEXTSENSE-19:0:0
A1,12201608211900,17491.00,21.43,71.97,21.43,66.55,1020.43,5.02,NEXTSENSE-20:0:0
A1,12201608212000,1059.00,21.43,77.55,21.43,80.54,1020.38,5.02,NEXTSENSE-21:0:0
A1,12201608212100,3.00,21.43,93.06,21.43,80.54,1020.50,5.02,NEXTSENSE-22:0:0
A1,12201608212200,2.00,21.43,93.06,21.43,80.54,1020.45,5.02,NEXTSENSE-23:0:0
A1,12201608212300,2.00,21.43,93.06,21.43,80.54,1020.51,5.02,NEXTSENSE-0:0:0
A2,12201608212310,2.00,21.43,93.06,21.43,80.54,1020.51,5.02,NEXTFEED-2016-8-22@23:10:0
A1,12201608220000,1.00,21.43,93.06,21.43,80.54,1020.62,5.01,NEXTSENSE-1:0:0
A1,12201608220100,2.00,21.43,93.06,21.43,80.54,1020.84,5.01,NEXTSENSE-2:0:0
A1,12201608220200,2.00,21.43,93.06,21.43,80.54,1020.72,5.02,NEXTSENSE-3:0:0
A1,12201608220300,2.00,21.43,93.06,21.43,80.54,1021.01,4.98,NEXTSENSE-4:0:0
A1,12201608220400,1.00,21.43,93.06,21.43,80.54,1021.19,5.01,NEXTSENSE-5:0:0
A1,12201608220500,1.00,21.43,93.06,21.43,80.54,1021.04,5.01,NEXTSENSE-6:0:0
A1,12201608220600,579.00,21.43,93.06,21.43,80.54,1021.43,5.01,NEXTSENSE-7:0:0
A1,12201608220700,16339.00,21.43,93.06,21.43,93.06,1022.17,5.01,NEXTSENSE-8:0:0
A1,12201608220800,20253.00,21.43,93.06,21.43,93.06,1022.84,5.01,NEXTSENSE-9:0:0
A1,12201608220900,41933.00,21.43,93.06,21.43,80.54,1023.09,5.02,NEXTSENSE-10:0:0
A1,12201608221000,65535.00,21.71,77.88,23.99,74.22,1023.32,5.01,NEXTSENSE-11:0:0
A1,12201608221100,65535.00,22.85,80.69,23.99,67.00,1023.09,5.02,NEXTSENSE-12:0:0
A1,12201608221200,65535.00,24.99,68.81,26.55,59.79,1023.40,5.02,NEXTSENSE-13:0:0
A1,12201608221300,65535.00,26.27,70.16,26.55,67.44,1023.43,5.02,NEXTSENSE-14:0:0
A1,12201608221400,65535.00,31.67,67.86,31.67,60.58,1023.47,5.02,NEXTSENSE-15:0:0
A1,12201608221500,65535.00,31.67,52.46,31.67,52.46,1023.48,5.02,NEXTSENSE-16:0:0
A1,12201608221600,65535.00,31.67,52.46,31.67,52.46,1023.60,5.03,NEXTSENSE-17:0:0
A1,12201608221700,65535.00,31.67,60.58,31.67,60.58,1023.88,4.99,NEXTSENSE-18:0:0
A1,12201608221800,65535.00,31.67,60.58,31.67,52.46,1024.22,5.00,NEXTSENSE-19:0:0
A1,12201608221900,26796.00,26.55,67.44,26.55,59.79,1024.36,5.03,NEXTSENSE-20:0:0
A1,12201608222000,2544.00,23.99,74.22,23.99,67.00,1024.41,5.03,NEXTSENSE-21:0:0
A1,12201608222100,1.00,23.99,74.22,23.99,67.00,1024.85,5.02,NEXTSENSE-22:0:0
A1,12201608222200,1.00,23.99,74.22,21.43,73.73,1024.95,5.02,NEXTSENSE-23:0:0
A1,12201608222300,1.00,21.43,73.73,21.43,73.73,1025.11,5.02,NEXTSENSE-0:0:0
A2,12201608222310,1.00,21.43,73.73,21.43,73.73,1025.11,5.02,NEXTFEED-2016-8-23@23:10:0
A1,12201608230000,1.00,21.43,77.97,21.43,73.73,1025.12,5.02,NEXTSENSE-1:0:0
A1,12201608230100,1.00,21.43,75.46,21.43,80.54,1025.23,5.02,NEXTSENSE-2:0:0
A1,12201608230200,0.00,21.43,93.06,21.43,80.54,1025.05,5.02,NEXTSENSE-3:0:0
A1,12201608230300,0.00,21.43,93.06,21.43,80.54,1024.89,5.03,NEXTSENSE-4:0:0
A1,12201608230400,1.00,21.43,93.06,21.43,80.54,1024.54,5.03,NEXTSENSE-5:0:0
A1,12201608230500,1.00,21.43,93.06,21.43,93.06,1024.54,5.02,NEXTSENSE-6:0:0
A1,12201608230600,2751.00,21.43,93.06,21.43,93.06,1024.68,5.02,NEXTSENSE-7:0:0
A1,12201608230700,25005.00,21.43,93.06,21.43,93.06,1024.87,5.02,NEXTSENSE-8:0:0
A1,12201608230800,65535.00,21.43,93.06,21.43,80.54,1024.88,5.02,NEXTSENSE-9:0:0
A1,12201608230900,65535.00,21.43,76.38,23.99,67.00,1024.74,5.03,NEXTSENSE-10:0:0
A1,12201608231000,65535.00,25.57,68.87,26.55,59.79,1024.45,5.03,NEXTSENSE-11:0:0
A1,12201608231100,65535.00,31.67,60.58,31.67,52.46,1023.76,5.03,NEXTSENSE-12:0:0
A1,12201608231200,65535.00,31.67,52.46,36.79,44.54,1023.10,5.04,NEXTSENSE-13:0:0
A1,12201608231300,65535.00,26.55,94.05,26.55,94.36,1022.60,5.04,NEXTSENSE-14:0:0
A1,12201608231400,65535.00,32.33,71.27,31.67,60.58,1022.13,5.04,NEXTSENSE-15:0:0
A1,12201608231500,65535.00,31.67,67.38,34.23,52.80,1021.70,5.04,NEXTSENSE-16:0:0
A1,12201608231600,65535.00,31.67,76.73,34.23,44.26,1020.93,5.00,NEXTSENSE-17:0:0
A1,12201608231700,65535.00,31.67,71.26,34.23,44.26,1020.52,5.00,NEXTSENSE-18:0:0
A1,12201608231800,65535.00,31.67,74.81,31.67,43.97,1020.50,5.00,NEXTSENSE-19:0:0
A1,12201608231900,46606.00,31.67,82.74,31.67,52.46,1020.04,5.00,NEXTSENSE-20:0:0
A1,12201608232000,3417.00,26.55,94.36,26.55,67.44,1019.93,5.00,NEXTSENSE-21:0:0
A1,12201608232100,1.00,26.55,94.36,26.55,67.44,1019.83,5.00,NEXTSENSE-22:0:0
A1,12201608232200,1.00,23.99,93.71,23.99,74.22,1019.62,5.00,NEXTSENSE-23:0:0
A1,12201608232300,0.00,23.99,93.71,23.99,81.09,1019.35,5.00,NEXTSENSE-0:0:0
A2,12201608232310,0.00,23.99,93.71,23.99,81.09,1019.35,5.00,NEXTFEED-2016-8-24@23:10:0
A1,12201608240000,0.00,23.99,93.71,23.99,81.09,1019.02,5.00,NEXTSENSE-1:0:0
A1,12201608240100,1.00,21.43,93.06,21.43,93.06,1018.81,5.00,NEXTSENSE-2:0:0
A1,12201608240200,0.00,21.43,93.06,21.43,93.06,1018.44,5.00,NEXTSENSE-3:0:0
A1,12201608240300,1.00,21.43,93.06,21.43,93.06,1018.47,5.00,NEXTSENSE-4:0:0
A1,12201608240400,1.00,21.43,93.06,21.43,93.06,1018.19,5.00,NEXTSENSE-5:0:0
A1,12201608240500,2.00,21.43,93.06,21.43,93.06,1017.93,5.00,NEXTSENSE-6:0:0
A1,12201608240600,4294.00,21.43,93.06,21.43,93.06,1018.15,5.00,NEXTSENSE-7:0:0
A1,12201608240700,65535.00,21.43,93.06,21.43,93.06,1018.47,5.00,NEXTSENSE-8:0:0
A1,12201608240800,49860.00,21.43,93.06,23.99,81.09,1018.43,5.00,NEXTSENSE-9:0:0
A1,12201608240900,65535.00,22.63,93.39,26.55,74.72,1018.24,5.00,NEXTSENSE-10:0:0
A1,12201608241000,65535.00,26.31,94.32,31.67,60.58,1018.18,5.00,NEXTSENSE-11:0:0
A1,12201608241100,65535.00,31.67,77.28,32.63,60.64,1018.08,5.00,NEXTSENSE-12:0:0
A1,12201608241200,65535.00,31.67,78.83,34.23,52.80,1017.87,5.00,NEXTSENSE-13:0:0
A1,12201608241300,65535.00,32.17,66.52,36.79,44.54,1017.55,5.00,NEXTSENSE-14:0:0
A1,12201608241400,65535.00,33.95,70.15,36.79,38.99,1017.33,5.00,NEXTSENSE-15:0:0
A1,12201608241500,65535.00,34.17,63.42,40.55,30.25,1017.10,5.00,NEXTSENSE-16:0:0
A1,12201608241600,65535.00,33.91,60.92,39.35,32.05,1016.97,5.01,NEXTSENSE-17:0:0
A1,12201608241700,65535.00,32.19,60.66,36.79,44.54,1016.71,5.00,NEXTSENSE-18:0:0
A1,12201608241800,65535.00,31.67,62.92,34.23,44.26,1017.68,5.00,NEXTSENSE-19:0:0
A1,12201608241900,30310.00,31.67,68.63,31.67,52.46,1016.57,5.00,NEXTSENSE-20:0:0
A1,12201608242000,921.00,31.67,75.72,31.67,60.58,1017.43,5.00,NEXTSENSE-21:0:0
A1,12201608242100,4.00,31.67,75.72,31.67,60.58,1018.58,5.00,NEXTSENSE-22:0:0
A1,12201608242200,4.00,26.55,81.64,26.55,67.44,1019.37,5.00,NEXTSENSE-23:0:0
A1,12201608242300,2.00,26.55,81.64,26.55,67.44,1017.77,5.00,NEXTSENSE-0:0:0
A2,12201608242310,2.00,26.55,81.64,26.55,67.44,1017.77,5.00,NEXTFEED-2016-8-25@23:10:0
A1,12201608250000,2.00,26.55,81.64,26.55,74.72,1017.60,4.98,NEXTSENSE-1:0:0
A1,12201608250100,2.00,23.99,81.09,23.99,74.22,1016.44,4.98,NEXTSENSE-2:0:0
A1,12201608250200,2.00,23.99,93.71,23.99,74.22,1016.69,4.98,NEXTSENSE-3:0:0
A1,12201608250300,1.00,23.99,93.71,23.99,74.22,1016.94,4.98,NEXTSENSE-4:0:0
A1,12201608250400,1.00,23.99,93.71,23.99,74.22,1017.21,4.98,NEXTSENSE-5:0:0
A1,12201608250500,3.00,23.99,93.71,23.99,81.09,1017.12,4.98,NEXTSENSE-6:0:0
A1,12201608250600,2321.00,23.99,93.71,21.43,80.54,1016.68,4.97,NEXTSENSE-7:0:0
A1,12201608250700,49237.00,23.99,93.71,21.43,80.54,1016.62,4.98,NEXTSENSE-8:0:0
A1,12201608250800,65535.00,23.99,93.71,23.99,81.09,1016.01,4.97,NEXTSENSE-9:0:0
A1,12201608250900,65535.00,23.99,93.71,23.99,74.22,1015.79,4.97,NEXTSENSE-10:0:0
A1,12201608251000,65535.00,25.25,80.66,31.67,68.33,1015.75,4.97,NEXTSENSE-11:0:0
A1,12201608251100,65535.00,31.67,73.90,31.67,52.46,1015.51,4.98,NEXTSENSE-12:0:0
A1,12201608251200,65535.00,31.67,72.18,31.67,60.58,1015.40,4.98,NEXTSENSE-13:0:0
A1,12201608251300,65535.00,31.67,74.87,31.67,68.33,1014.68,4.98,NEXTSENSE-14:0:0
A1,12201608251400,65535.00,31.67,74.25,31.67,52.46,1015.00,4.98,NEXTSENSE-15:0:0
A1,12201608251500,65535.00,31.69,64.14,36.79,42.55,1014.83,4.98,NEXTSENSE-16:0:0
A1,12201608251600,65535.00,31.67,68.33,31.67,52.46,1014.22,4.98,NEXTSENSE-17:0:0
A1,12201608251700,65535.00,31.67,71.14,31.67,52.46,1013.60,4.98,NEXTSENSE-18:0:0
A1,12201608251800,65535.00,31.67,67.38,31.67,52.46,1013.36,4.98,NEXTSENSE-19:0:0
A1,12201608251900,41506.00,31.67,72.47,31.67,52.46,1013.62,4.98,NEXTSENSE-20:0:0
A1,12201608252000,1852.00,31.67,75.72,31.67,68.33,1013.82,4.98,NEXTSENSE-21:0:0
A1,12201608252100,1.00,26.55,81.64,26.55,67.44,1014.32,4.98,NEXTSENSE-22:0:0
A1,12201608252200,1.00,26.55,81.64,26.55,74.72,1013.64,4.98,NEXTSENSE-23:0:0
A1,12201608252300,0.00,23.99,81.09,23.99,81.09,1013.56,4.98,NEXTSENSE-0:0:0
A2,12201608252310,0.00,23.99,81.09,23.99,81.09,1013.56,4.98,NEXTFEED-2016-8-26@23:10:0
A1,12201608260000,3.00,26.55,94.36,26.55,74.72,1014.39,4.98,NEXTSENSE-1:0:0
A1,12201608260100,1.00,26.55,94.36,23.99,81.64,1014.65,4.97,NEXTSENSE-2:0:0
A1,12201608260200,3.00,23.99,93.71,23.99,81.09,1014.93,4.97,NEXTSENSE-3:0:0
A1,12201608260300,2.00,23.99,93.71,23.99,81.09,1015.37,4.97,NEXTSENSE-4:0:0
A1,12201608260400,1.00,23.99,93.71,23.99,81.09,1014.40,4.98,NEXTSENSE-5:0:0
A1,12201608260500,2.00,23.99,93.71,23.99,81.09,1015.51,4.97,NEXTSENSE-6:0:0
A1,12201608260600,1233.00,21.43,93.06,21.43,80.54,1016.19,4.97,NEXTSENSE-7:0:0
A1,12201608260700,17122.00,21.43,93.06,21.43,80.54,1016.86,4.97,NEXTSENSE-8:0:0
A1,12201608260800,65535.00,23.99,93.71,23.99,81.09,1017.20,4.97,NEXTSENSE-9:0:0
A1,12201608260900,65535.00,23.99,81.09,23.99,67.00,1017.70,4.97,NEXTSENSE-10:0:0
A1,12201608261000,65535.00,23.99,81.09,23.99,67.00,1018.35,4.97,NEXTSENSE-11:0:0
A1,12201608261100,65535.00,25.91,74.40,26.55,59.79,1018.47,4.97,NEXTSENSE-12:0:0
A1,12201608261200,65535.00,31.67,65.22,26.55,51.78,1018.51,4.98,NEXTSENSE-13:0:0
A1,12201608261300,65535.00,31.67,60.58,34.23,44.26,1018.42,4.97,NEXTSENSE-14:0:0
A1,12201608261400,65535.00,31.67,60.58,31.91,28.99,1018.59,5.00,NEXTSENSE-15:0:0
A1,12201608261500,65535.00,31.67,52.46,36.79,26.26,1018.61,4.99,NEXTSENSE-16:0:0
A1,12201608261600,65535.00,31.67,52.46,34.23,26.07,1018.47,4.99,NEXTSENSE-17:0:0
A1,12201608261700,65535.00,31.67,52.46,34.23,26.07,1018.24,4.99,NEXTSENSE-18:0:0
A1,12201608261800,65535.00,31.67,52.46,31.67,35.11,1018.48,4.99,NEXTSENSE-19:0:0
A1,12201608261900,56475.00,31.67,52.46,31.67,43.97,1018.53,4.99,NEXTSENSE-20:0:0
A1,12201608262000,2523.00,26.55,67.44,26.55,51.78,1019.03,4.99,NEXTSENSE-21:0:0
A1,12201608262100,1.00,23.99,67.00,23.99,51.44,1019.56,4.99,NEXTSENSE-22:0:0
A1,12201608262200,0.00,23.99,67.00,23.99,51.44,1020.03,4.99,NEXTSENSE-23:0:0
A1,12201608262300,1.00,23.99,67.00,21.43,59.01,1019.97,4.99,NEXTSENSE-0:0:0
A2,12201608262310,1.00,23.99,67.00,21.43,59.01,1019.97,4.99,NEXTFEED-2016-8-27@23:10:0
A1,12201608270000,1.00,21.43,73.73,21.43,59.01,1020.04,4.99,NEXTSENSE-1:0:0
A1,12201608270100,1.00,21.43,73.73,21.43,66.55,1019.99,4.99,NEXTSENSE-2:0:0
A1,12201608270200,1.00,21.43,73.62,21.43,66.55,1019.69,4.98,NEXTSENSE-3:0:0
A1,12201608270300,1.00,21.43,77.50,21.43,73.73,1019.54,4.99,NEXTSENSE-4:0:0
A1,12201608270400,1.00,21.43,80.12,21.43,73.73,1019.32,4.98,NEXTSENSE-5:0:0
A1,12201608270500,1.00,21.43,78.87,21.43,80.54,1018.98,4.99,NEXTSENSE-6:0:0
A1,12201608270600,1737.00,21.43,93.06,21.43,80.54,1018.57,4.98,NEXTSENSE-7:0:0
A1,12201608270700,41916.00,21.43,93.06,21.43,93.06,1018.48,4.99,NEXTSENSE-8:0:0
A1,12201608270800,65535.00,21.43,80.12,21.43,80.54,1018.45,4.98,NEXTSENSE-9:0:0
A1,12201608270900,65535.00,22.67,79.14,23.99,67.00,1018.00,4.99,NEXTSENSE-10:0:0
A1,12201608271000,65535.00,24.19,72.50,26.55,59.79,1017.78,4.99,NEXTSENSE-11:0:0
A1,12201608271100,65535.00,25.35,66.30,31.67,60.58,1017.22,4.99,NEXTSENSE-12:0:0
A1,12201608271200,65535.00,31.67,63.53,31.67,60.58,1016.50,4.99,NEXTSENSE-13:0:0
A1,12201608271300,65535.00,31.67,61.75,31.67,52.46,1015.35,4.99,NEXTSENSE-14:0:0
A1,12201608271400,65535.00,31.67,60.58,31.67,52.46,1014.49,4.99,NEXTSENSE-15:0:0
A1,12201608271500,65535.00,31.67,64.01,31.67,60.58,1014.28,4.99,NEXTSENSE-16:0:0
A1,12201608271600,65535.00,31.67,60.58,31.67,52.46,1013.34,4.99,NEXTSENSE-17:0:0
A1,12201608271700,65535.00,31.67,73.98,31.67,52.46,1013.28,4.99,NEXTSENSE-18:0:0
A1,12201608271800,65535.00,31.67,68.33,31.67,60.58,1012.77,4.99,NEXTSENSE-19:0:0
A1,12201608271900,34593.00,26.55,74.72,26.55,67.44,1012.34,4.99,NEXTSENSE-20:0:0
A1,12201608272000,2831.00,26.55,74.72,26.55,74.72,1012.55,4.99,NEXTSENSE-21:0:0
A1,12201608272100,2.00,23.99,81.09,23.99,74.22,1012.68,4.99,NEXTSENSE-22:0:0
A1,12201608272200,1.00,23.99,81.09,23.99,81.09,1012.67,4.99,NEXTSENSE-23:0:0
A1,12201608272300,1.00,23.99,81.09,23.99,81.09,1012.41,4.99,NEXTSENSE-0:0:0
A2,12201608272310,1.00,23.99,81.09,23.99,81.09,1012.41,4.99,NEXTFEED-2016-8-28@23:10:0
A1,12201608280000,2.00,22.57,81.09,23.99,81.09,1011.91,4.97,NEXTSENSE-1:0:0
A1,12201608280100,2.00,23.99,81.09,23.99,81.09,1011.96,4.97,NEXTSENSE-2:0:0
A1,12201608280200,4.00,22.17,80.70,23.99,74.22,1011.56,4.97,NEXTSENSE-3:0:0
A1,12201608280300,2.00,23.99,81.09,23.99,74.22,1011.49,4.99,NEXTSENSE-4:0:0
A1,12201608280400,3.00,23.99,81.09,21.43,80.54,1011.42,4.98,NEXTSENSE-5:0:0
A1,12201608280500,1.00,21.43,79.08,21.43,80.54,1011.64,4.99,NEXTSENSE-6:0:0
A1,12201608280600,999.00,21.43,93.06,21.43,80.54,1012.10,4.98,NEXTSENSE-7:0:0
A1,12201608280700,30258.00,21.43,80.43,21.43,80.54,1012.30,4.99,NEXTSENSE-8:0:0
A1,12201608280800,65535.00,21.43,77.71,21.43,80.54,1012.29,4.99,NEXTSENSE-9:0:0
A1,12201608280900,65535.00,21.43,80.54,21.43,73.73,1012.55,4.98,NEXTSENSE-10:0:0
A1,12201608281000,65535.00,23.01,75.05,23.99,74.22,1012.77,4.98,NEXTSENSE-11:0:0
A1,12201608281100,65535.00,23.35,80.95,23.99,74.22,1013.03,4.99,NEXTSENSE-12:0:0
A1,12201608281200,65535.00,24.77,75.46,26.55,67.44,1013.04,4.98,NEXTSENSE-13:0:0
A1,12201608281300,65535.00,24.47,61.59,26.55,59.79,1013.06,4.99,NEXTSENSE-14:0:0
A1,12201608281400,65535.00,23.99,81.09,23.99,81.09,1013.60,4.99,NEXTSENSE-15:0:0
A1,12201608281500,65535.00,25.41,74.31,26.55,67.44,1013.58,4.99,NEXTSENSE-16:0:0
A1,12201608281600,65535.00,23.99,74.22,26.55,67.44,1013.72,4.99,NEXTSENSE-17:0:0
A1,12201608281700,65535.00,23.99,74.22,23.99,67.00,1013.94,4.98,NEXTSENSE-18:0:0
A1,12201608281800,63392.00,23.99,74.22,23.99,67.00,1013.96,4.99,NEXTSENSE-19:0:0
A1,12201608281900,50761.00,23.99,74.22,23.99,74.22,1014.38,4.99,NEXTSENSE-20:0:0
A1,12201608282000,1664.00,21.75,75.21,21.43,73.73,1014.85,4.98,NEXTSENSE-21:0:0
A1,12201608282100,2.00,21.43,77.39,21.43,80.54,1015.40,4.98,NEXTSENSE-22:0:0
A1,12201608282200,1.00,21.43,78.87,21.43,80.54,1015.76,4.98,NEXTSENSE-23:0:0
A1,12201608282300,2.00,21.43,93.06,21.43,80.54,1016.07,4.98,NEXTSENSE-0:0:0
A2,12201608282310,2.00,21.43,93.06,21.43,80.54,1016.07,4.98,NEXTFEED-2016-8-29@23:10:0
A1,12201608290000,2.00,21.43,93.06,21.43,80.54,1016.60,4.94,NEXTSENSE-1:0:0
A1,12201608290100,4.00,21.43,93.06,21.43,80.54,1017.09,4.96,NEXTSENSE-2:0:0
A1,12201608290200,4.00,21.43,93.06,21.43,80.54,1017.36,4.96,NEXTSENSE-3:0:0
A1,12201608290300,1.00,21.43,93.06,21.43,80.54,1018.02,4.94,NEXTSENSE-4:0:0
A1,12201608290400,1.00,21.43,93.06,21.43,80.54,1018.79,4.97,NEXTSENSE-5:0:0
A1,12201608290500,5.00,21.43,93.06,21.43,80.54,1019.12,4.97,NEXTSENSE-6:0:0
A1,12201608290600,3136.00,21.43,93.06,21.43,80.54,1019.98,4.97,NEXTSENSE-7:0:0
A1,12201608290700,18452.00,21.43,93.06,21.43,80.54,1020.70,4.97,NEXTSENSE-8:0:0
A1,12201608290800,59424.00,21.43,93.06,21.43,80.54,1021.21,4.97,NEXTSENSE-9:0:0
A1,12201608290900,65535.00,21.43,78.87,21.43,66.55,1021.69,4.97,NEXTSENSE-10:0:0
A1,12201608291000,65535.00,23.01,75.11,23.99,59.40,1022.18,4.97,NEXTSENSE-11:0:0
A1,12201608291100,65535.00,23.67,70.11,26.55,59.79,1022.47,4.97,NEXTSENSE-12:0:0
A1,12201608291200,65535.00,22.39,73.44,23.99,59.40,1022.70,4.97,NEXTSENSE-13:0:0
A1,12201608291300,65535.00,21.99,67.45,23.99,59.40,1022.75,4.97,NEXTSENSE-14:0:0
A1,12201608291400,65535.00,31.67,60.58,31.67,52.46,1022.80,4.97,NEXTSENSE-15:0:0
A1,12201608291500,65535.00,31.67,61.63,31.67,52.46,1022.82,4.97,NEXTSENSE-16:0:0
A1,12201608291600,65535.00,31.67,60.58,31.67,43.97,1022.77,4.97,NEXTSENSE-17:0:0
A1,12201608291700,65535.00,31.67,60.58,31.67,43.97,1022.72,4.97,NEXTSENSE-18:0:0
A1,12201608291800,65535.00,31.67,60.58,31.67,35.11,1023.04,4.97,NEXTSENSE-19:0:0
A1,12201608291900,49782.00,25.57,59.69,26.55,43.39,1023.40,4.97,NEXTSENSE-20:0:0
A1,12201608292000,1621.00,23.99,67.00,23.99,51.44,1023.83,4.97,NEXTSENSE-21:0:0
A1,12201608292100,1.00,21.43,73.73,21.43,59.01,1024.32,4.97,NEXTSENSE-22:0:0
A1,12201608292200,1.00,21.43,73.40,21.43,66.55,1024.53,4.97,NEXTSENSE-23:0:0
A1,12201608292300,1.00,21.43,78.87,21.43,73.73,1025.05,4.97,NEXTSENSE-0:0:0
A2,12201608292310,1.00,21.43,78.87,21.43,73.73,1025.05,4.97,NEXTFEED-2016-8-30@23:10:0
A1,12201608300000,0.00,21.43,76.32,21.43,73.73,1025.16,4.98,NEXTSENSE-1:0:0
A1,12201608300100,1.00,21.43,78.03,21.43,80.54,1025.24,4.98,NEXTSENSE-2:0:0
A1,12201608300200,0.00,21.43,93.06,21.43,80.54,1025.25,4.98,NEXTSENSE-3:0:0
A1,12201608300300,1.00,21.43,93.06,21.43,80.54,1024.91,4.98,NEXTSENSE-4:0:0
A1,12201608300400,1.00,21.43,93.06,21.43,80.54,1025.09,4.98,NEXTSENSE-5:0:0
A1,12201608300500,1.00,21.43,93.06,31.67,80.54,1025.17,4.98,NEXTSENSE-6:0:0
A1,12201608300600,2508.00,21.43,93.06,21.43,128.45,1025.22,4.98,NEXTSENSE-7:0:0
A1,12201608300700,33136.00,21.43,93.06,21.43,93.06,1025.39,4.98,NEXTSENSE-8:0:0
A1,12201608300800,65535.00,21.43,93.06,21.43,80.54,1025.48,4.98,NEXTSENSE-9:0:0
A1,12201608300900,65535.00,21.43,80.54,23.99,74.22,1025.72,4.98,NEXTSENSE-10:0:0
A1,12201608301000,65535.00,22.87,74.00,26.55,59.79,1025.87,4.98,NEXTSENSE-11:0:0
A1,12201608301100,65535.00,24.57,72.00,31.67,52.46,1025.81,4.99,NEXTSENSE-12:0:0
A1,12201608301200,65535.00,34.21,52.80,31.67,35.11,1025.23,4.98,NEXTSENSE-13:0:0
A1,12201608301300,65535.00,31.67,38.69,32.71,31.51,1025.05,4.99,NEXTSENSE-14:0:0
A1,12201608301400,65535.00,39.35,44.28,33.91,30.14,1024.48,4.99,NEXTSENSE-15:0:0
A1,12201608301500,65535.00,33.59,35.93,34.23,35.35,1023.84,4.99,NEXTSENSE-16:0:0
A1,12201608301600,65535.00,31.67,35.47,31.67,35.11,1023.22,5.04,NEXTSENSE-17:0:0
A1,12201608301700,65535.00,31.67,37.08,31.67,35.11,1022.53,5.04,NEXTSENSE-18:0:0
A1,12201608301800,65535.00,31.67,43.76,31.67,43.97,1022.36,5.04,NEXTSENSE-19:0:0
A1,12201608301900,65535.00,26.55,51.78,26.55,43.39,1022.26,5.04,NEXTSENSE-20:0:0
A1,12201608302000,1884.00,23.99,51.44,23.99,51.44,1022.66,5.03,NEXTSENSE-21:0:0
A1,12201608302100,1.00,23.99,59.40,23.99,59.40,1022.71,5.03,NEXTSENSE-22:0:0
A1,12201608302200,1.00,21.43,66.55,21.43,66.55,1022.75,5.03,NEXTSENSE-23:0:0
A1,12201608302300,1.00,21.43,60.45,21.43,66.55,1022.43,5.03,NEXTSENSE-0:0:0
A2,12201608302310,1.00,21.43,60.45,21.43,66.55,1022.43,5.03,NEXTFEED-2016-8-31@23:10:0
A1,12201608310000,1.00,21.43,71.97,21.43,73.73,1022.11,5.02,NEXTSENSE-1:0:0
A1,12201608310100,1.00,21.43,71.08,21.43,80.54,1021.70,5.02,NEXTSENSE-2:0:0
A1,12201608310200,1.00,21.43,74.44,21.43,80.54,1021.37,5.02,NEXTSENSE-3:0:0
A1,12201608310300,1.00,21.43,76.97,21.43,80.54,1021.01,5.02,NEXTSENSE-4:0:0
A1,12201608310400,1.00,21.43,80.54,21.43,80.54,1020.56,5.02,NEXTSENSE-5:0:0
A1,12201608310500,1.00,21.43,80.12,21.43,93.06,1020.39,5.02,NEXTSENSE-6:0:0
A1,12201608310600,1626.00,21.43,77.07,21.43,128.45,1020.42,5.02,NEXTSENSE-7:0:0
A1,12201608310700,43639.00,21.43,79.76,21.43,80.54,1020.25,5.02,NEXTSENSE-8:0:0
A1,12201608310800,65535.00,21.43,71.97,21.43,73.73,1020.30,5.02,NEXTSENSE-9:0:0
A1,12201608310900,65535.00,21.43,64.76,23.99,59.40,1020.57,5.03,NEXTSENSE-10:0:0
A1,12201608311000,65535.00,22.19,59.15,23.99,59.40,1020.36,5.03,NEXTSENSE-11:0:0
A1,12201608311100,65535.00,24.95,59.55,26.55,59.79,1020.62,5.03,NEXTSENSE-12:0:0
A1,12201608311200,65535.00,31.67,52.46,31.67,43.97,1020.70,5.04,NEXTSENSE-13:0:0
A1,12201608311300,65535.00,31.67,52.46,31.67,43.97,1020.28,5.04,NEXTSENSE-14:0:0
A1,12201608311400,65535.00,36.79,33.50,36.79,26.93,1020.06,5.04,NEXTSENSE-15:0:0
A1,12201608311500,65535.00,21.43,93.06,21.43,93.06,1020.26,5.03,NEXTSENSE-16:0:0
A1,12201608311600,65535.00,21.43,93.06,21.43,93.06,1020.30,5.03,NEXTSENSE-17:0:0
A1,12201608311700,65535.00,21.43,93.06,21.43,93.06,1020.11,5.03,NEXTSENSE-18:0:0
A1,12201608311800,65535.00,21.59,93.10,23.99,74.22,1020.14,5.03,NEXTSENSE-19:0:0
A1,12201608311900,41555.00,21.49,93.10,23.99,74.22,1020.11,5.03,NEXTSENSE-20:0:0
A1,12201608312000,539.00,21.43,93.06,23.99,74.22,1020.88,5.03,NEXTSENSE-21:0:0
A1,12201608312100,2.00,21.43,93.06,21.43,80.54,1021.61,5.03,NEXTSENSE-22:0:0
A1,12201608312200,1.00,21.43,93.06,21.43,73.73,1021.84,5.02,NEXTSENSE-23:0:0
A1,12201608312300,1.00,21.43,93.06,21.43,66.55,1021.92,5.02,NEXTSENSE-0:0:0
A2,12201608312310,1.00,21.43,93.06,21.43,66.55,1021.92,5.02,NEXTFEED-2016-8-1@23:10:0
A1,12201609010000,1.00,21.43,93.06,21.43,73.73,1021.92,5.02,NEXTSENSE-1:0:0
A1,12201609010100,1.00,21.43,93.06,21.43,73.73,1022.13,5.02,NEXTSENSE-2:0:0
A1,12201609010200,2.00,21.43,93.06,21.43,80.54,1022.55,5.02,NEXTSENSE-3:0:0
A1,12201609010300,1.00,21.43,93.06,21.43,80.54,1022.55,5.02,NEXTSENSE-4:0:0
A1,12201609010400,1.00,21.43,93.06,21.43,80.54,1022.56,5.01,NEXTSENSE-5:0:0
A1,12201609010500,1.00,21.43,93.06,21.43,93.06,1022.62,5.01,NEXTSENSE-6:0:0
A1,12201609010600,1203.00,21.43,93.06,21.43,93.06,1022.79,5.01,NEXTSENSE-7:0:0
A1,12201609010700,59369.00,21.43,93.06,21.43,93.06,1023.23,5.01,NEXTSENSE-8:0:0
A1,12201609010800,65535.00,21.43,93.06,21.43,73.73,1023.90,5.02,NEXTSENSE-9:0:0
A1,12201609010900,65535.00,21.43,93.06,21.43,73.73,1024.20,5.02,NEXTSENSE-10:0:0
A1,12201609011000,65535.00,23.67,78.28,23.99,59.40,1024.37,5.02,NEXTSENSE-11:0:0
A1,12201609011100,65535.00,31.67,66.84,26.55,59.79,1024.51,5.02,NEXTSENSE-12:0:0
A1,12201609011200,65535.00,31.67,60.58,36.79,35.01,1024.19,5.02,NEXTSENSE-13:0:0
A1,12201609011300,65535.00,31.67,60.58,31.67,39.86,1023.76,5.03,NEXTSENSE-14:0:0
A1,12201609011400,65535.00,31.67,60.58,31.67,82.74,1023.23,5.03,NEXTSENSE-15:0:0
A1,12201609011500,65535.00,32.01,42.91,32.19,34.58,1022.92,5.03,NEXTSENSE-16:0:0
A1,12201609011600,65535.00,31.67,60.58,31.67,43.97,1022.63,5.02,NEXTSENSE-17:0:0
A1,12201609011700,65535.00,31.67,60.58,31.67,43.97,1022.16,5.02,NEXTSENSE-18:0:0
A1,12201609011800,65535.00,26.55,59.79,26.55,43.39,1021.91,5.04,NEXTSENSE-19:0:0
A1,12201609011900,64928.00,23.99,59.40,23.99,51.44,1021.64,5.03,NEXTSENSE-20:0:0
A1,12201609012000,863.00,23.99,74.22,23.99,59.40,1021.74,5.03,NEXTSENSE-21:0:0
A1,12201609012100,1.00,21.43,84.63,21.43,66.55,1021.83,5.02,NEXTSENSE-22:0:0
A1,12201609012200,1.00,21.43,75.03,21.43,73.73,1022.02,5.03,NEXTSENSE-23:0:0
A1,12201609012300,1.00,21.43,78.87,21.43,73.73,1021.67,5.03,NEXTSENSE-0:0:0
A2,12201609012310,1.00,21.43,78.87,21.43,73.73,1021.67,5.03,NEXTFEED-2016-9-2@23:10:0
A1,12201609020000,2.00,21.43,75.41,21.43,73.73,1021.55,5.02,NEXTSENSE-1:0:0
A1,12201609020100,2.00,21.43,78.97,21.43,80.54,1021.08,5.02,NEXTSENSE-2:0:0
A1,12201609020200,2.00,21.43,93.06,21.43,80.54,1020.92,5.01,NEXTSENSE-3:0:0
A1,12201609020300,1.00,21.43,93.06,21.43,80.54,1020.01,4.98,NEXTSENSE-4:0:0
A1,12201609020400,4.00,21.43,93.06,21.43,80.54,1020.04,4.98,NEXTSENSE-5:0:0
A1,12201609020500,2.00,21.43,93.06,21.43,80.54,1019.68,4.99,NEXTSENSE-6:0:0
A1,12201609020600,563.00,21.43,93.06,21.43,93.06,1019.63,4.99,NEXTSENSE-7:0:0
A1,12201609020700,65372.00,21.43,93.06,21.43,80.54,1019.54,5.00,NEXTSENSE-8:0:0
A1,12201609020800,65535.00,21.43,93.06,21.43,80.54,1019.76,5.01,NEXTSENSE-9:0:0
A1,12201609020900,65535.00,21.43,77.81,21.43,73.73,1019.58,5.02,NEXTSENSE-10:0:0
A1,12201609021000,65535.00,21.91,72.92,23.99,67.00,1019.62,5.03,NEXTSENSE-11:0:0
A1,12201609021100,65535.00,23.35,72.26,23.99,67.00,1019.15,5.03,NEXTSENSE-12:0:0
A1,12201609021200,65535.00,22.47,70.81,23.99,67.00,1019.00,5.03,NEXTSENSE-13:0:0
A1,12201609021300,65535.00,23.51,69.19,23.99,67.00,1018.50,5.03,NEXTSENSE-14:0:0
A1,12201609021400,65535.00,21.75,72.42,23.99,67.00,1018.11,5.03,NEXTSENSE-15:0:0
A1,12201609021500,65535.00,23.35,69.01,23.99,74.22,1018.43,5.03,NEXTSENSE-16:0:0
A1,12201609021600,56067.00,21.43,77.34,21.43,73.73,1017.95,5.03,NEXTSENSE-17:0:0
A1,12201609021700,65535.00,21.43,76.81,21.43,73.73,1017.49,5.03,NEXTSENSE-18:0:0
A1,12201609021800,45330.00,21.43,77.28,21.43,80.54,1017.97,5.03,NEXTSENSE-19:0:0
A1,12201609021900,9177.00,21.43,93.06,21.43,80.54,1017.70,5.03,NEXTSENSE-20:0:0
A1,12201609022000,142.00,21.43,93.06,21.43,80.54,1018.11,5.02,NEXTSENSE-21:0:0
A1,12201609022100,9.00,21.43,93.06,21.43,93.06,1018.54,5.02,NEXTSENSE-22:0:0
A1,12201609022200,6.00,21.43,93.06,21.43,93.06,1018.39,5.02,NEXTSENSE-23:0:0
A1,12201609022300,3.00,21.43,93.06,21.43,80.54,1018.40,5.02,NEXTSENSE-0:0:0
A2,12201609022310,3.00,21.43,93.06,21.43,80.54,1018.40,5.02,NEXTFEED-2016-9-3@23:10:0
A1,12201609030000,2.00,21.43,93.06,21.43,80.54,1018.59,5.01,NEXTSENSE-1:0:0
A1,12201609030100,1.00,21.43,80.33,21.43,80.54,1018.18,5.01,NEXTSENSE-2:0:0
A1,12201609030200,1.00,21.43,93.06,21.43,80.54,1018.13,5.01,NEXTSENSE-3:0:0
A1,12201609030300,2.00,21.43,93.06,21.43,80.54,1018.10,5.01,NEXTSENSE-4:0:0
A1,12201609030400,1.00,21.43,93.06,21.43,80.54,1018.28,5.01,NEXTSENSE-5:0:0
A1,12201609030500,1.00,21.43,93.06,21.43,93.06,1018.24,5.00,NEXTSENSE-6:0:0
A1,12201609030600,559.00,21.43,93.06,31.67,93.06,1018.27,5.01,NEXTSENSE-7:0:0
A1,12201609030700,34553.00,21.43,93.06,31.67,93.06,1018.47,5.01,NEXTSENSE-8:0:0
A1,12201609030800,65535.00,21.43,93.06,21.43,80.54,1018.12,5.01,NEXTSENSE-9:0:0
A1,12201609030900,65535.00,21.43,78.87,21.43,73.73,1018.08,5.01,NEXTSENSE-10:0:0
A1,12201609031000,65535.00,21.59,60.85,23.99,59.40,1017.64,5.02,NEXTSENSE-11:0:0
A1,12201609031100,65535.00,31.67,52.46,26.55,51.78,1017.33,5.02,NEXTSENSE-12:0:0
A1,12201609031200,65535.00,23.45,62.37,26.55,51.78,1016.50,5.02,NEXTSENSE-13:0:0
A1,12201609031300,65535.00,21.77,64.78,23.99,59.40,1016.31,5.02,NEXTSENSE-14:0:0
A1,12201609031400,65535.00,22.05,61.15,23.99,67.00,1014.88,5.02,NEXTSENSE-15:0:0
A1,12201609031500,65535.00,23.35,65.89,23.99,59.40,1014.68,5.02,NEXTSENSE-16:0:0
A1,12201609031600,65535.00,22.01,66.54,23.99,59.40,1013.90,5.02,NEXTSENSE-17:0:0
A1,12201609031700,35830.00,21.43,78.97,21.43,73.73,1013.88,5.01,NEXTSENSE-18:0:0
A1,12201609031800,34916.00,21.43,93.06,21.43,93.06,1013.12,5.01,NEXTSENSE-19:0:0
A1,12201609031900,18577.00,21.43,94.25,21.43,93.06,1011.72,5.01,NEXTSENSE-20:0:0
A1,12201609032000,27.00,21.43,93.06,21.43,93.06,1012.53,5.01,NEXTSENSE-21:0:0
A1,12201609032100,6.00,21.43,93.06,21.43,93.06,1012.64,5.01,NEXTSENSE-22:0:0
A1,12201609032200,6.00,21.43,93.06,21.43,93.06,1012.09,5.02,NEXTSENSE-23:0:0
A1,12201609032300,6.00,21.43,93.06,21.43,93.06,1011.23,5.02,NEXTSENSE-0:0:0
A2,12201609032310,6.00,21.43,93.06,21.43,93.06,1011.23,5.02,NEXTFEED-2016-9-4@23:10:0
A1,12201609040000,2.00,21.43,93.06,21.43,93.06,1010.47,5.01,NEXTSENSE-1:0:0
A1,12201609040100,6.00,21.43,93.06,21.43,93.06,1010.18,5.01,NEXTSENSE-2:0:0
A1,12201609040200,6.00,21.43,93.06,21.43,93.06,1009.70,5.01,NEXTSENSE-3:0:0
A1,12201609040300,1.00,21.43,93.06,21.43,93.06,1009.00,5.01,NEXTSENSE-4:0:0
A1,12201609040400,1.00,21.43,93.06,21.43,93.06,1008.90,5.01,NEXTSENSE-5:0:0
A1,12201609040500,2.00,21.43,93.06,21.43,80.54,1009.65,5.01,NEXTSENSE-6:0:0
A1,12201609040600,301.00,21.43,93.06,21.43,73.73,1010.04,5.01,NEXTSENSE-7:0:0
A1,12201609040700,36553.00,21.43,93.06,21.43,80.54,1010.13,5.01,NEXTSENSE-8:0:0
A1,12201609040800,65535.00,21.43,79.71,21.43,73.73,1010.66,5.01,NEXTSENSE-9:0:0
A1,12201609040900,65535.00,21.43,74.38,21.43,73.73,1010.83,5.01,NEXTSENSE-10:0:0
A1,12201609041000,65535.00,21.43,76.32,21.43,73.73,1011.25,5.01,NEXTSENSE-11:0:0
A1,12201609041100,65535.00,21.43,74.00,21.43,66.55,1011.80,5.01,NEXTSENSE-12:0:0
A1,12201609041200,65535.00,21.43,72.02,23.99,67.00,1012.18,5.01,NEXTSENSE-13:0:0
A1,12201609041300,65535.00,23.35,65.02,23.99,59.40,1012.60,5.02,NEXTSENSE-14:0:0
A1,12201609041400,65535.00,21.57,68.56,23.99,67.00,1013.39,5.01,NEXTSENSE-15:0:0
A1,12201609041500,65535.00,21.91,65.19,23.99,59.40,1013.88,5.02,NEXTSENSE-16:0:0
A1,12201609041600,65535.00,21.91,66.46,23.99,67.00,1014.34,5.03,NEXTSENSE-17:0:0
A1,12201609041700,65535.00,21.43,66.72,23.99,67.00,1014.76,5.03,NEXTSENSE-18:0:0
A1,12201609041800,65535.00,21.43,70.07,23.99,67.00,1014.94,5.02,NEXTSENSE-19:0:0
A1,12201609041900,30842.00,21.43,68.15,21.43,66.55,1015.30,5.02,NEXTSENSE-20:0:0
A1,12201609042000,119.00,21.43,75.03,21.43,73.73,1015.71,5.02,NEXTSENSE-21:0:0
A1,12201609042100,4.00,21.43,77.34,21.43,73.73,1016.39,5.02,NEXTSENSE-22:0:0
A1,12201609042200,3.00,21.43,79.71,21.43,73.73,1016.71,5.02,NEXTSENSE-23:0:0
A1,12201609042300,2.00,21.43,76.75,21.43,80.54,1017.13,5.02,NEXTSENSE-0:0:0
A2,12201609042310,2.00,21.43,76.75,21.43,80.54,1017.13,5.02,NEXTFEED-2016-9-5@23:10:0
A1,12201609050000,5.00,21.43,76.75,21.43,80.54,1017.25,5.02,NEXTSENSE-1:0:0
A1,12201609050100,2.00,21.43,93.06,21.43,80.54,1017.30,5.02,NEXTSENSE-2:0:0
A1,12201609050200,3.00,21.43,93.06,21.43,93.06,1017.66,5.02,NEXTSENSE-3:0:0
A1,12201609050300,4.00,21.43,93.06,21.43,93.06,1017.96,5.02,NEXTSENSE-4:0:0
A1,12201609050400,4.00,21.43,93.06,21.43,93.06,1018.12,5.02,NEXTSENSE-5:0:0
A1,12201609050500,3.00,21.43,93.06,21.43,93.06,1017.72,5.02,NEXTSENSE-6:0:0
A1,12201609050600,120.00,21.43,93.06,21.43,93.06,1018.10,5.02,NEXTSENSE-7:0:0
A1,12201609050700,10653.00,21.43,93.06,21.43,93.06,1018.25,5.02,NEXTSENSE-8:0:0
A1,12201609050800,61664.00,21.43,93.06,21.43,93.06,1018.26,5.02,NEXTSENSE-9:0:0
A1,12201609050900,65535.00,21.43,93.06,21.43,93.06,1018.45,5.02,NEXTSENSE-10:0:0
A1,12201609051000,65535.00,21.43,93.06,36.79,93.06,1018.77,5.02,NEXTSENSE-11:0:0
A1,12201609051100,65535.00,21.43,93.06,21.43,137.34,1019.30,5.02,NEXTSENSE-12:0:0
A1,12201609051200,65535.00,21.43,93.06,21.43,93.06,1019.53,5.02,NEXTSENSE-13:0:0
A1,12201609051300,65535.00,23.97,93.71,23.99,81.09,1019.48,5.03,NEXTSENSE-14:0:0
A1,12201609051400,65535.00,23.35,93.55,26.55,74.72,1019.60,5.03,NEXTSENSE-15:0:0
A1,12201609051500,65535.00,23.35,93.55,26.55,81.64,1019.57,5.03,NEXTSENSE-16:0:0
A1,12201609051600,65535.00,25.15,80.93,26.55,74.72,1019.79,5.03,NEXTSENSE-17:0:0
A1,12201609051700,65535.00,24.67,76.99,26.55,74.72,1019.91,5.03,NEXTSENSE-18:0:0
A1,12201609051800,63425.00,23.45,93.58,26.55,81.64,1020.04,5.02,NEXTSENSE-19:0:0
A1,12201609051900,12432.00,22.55,93.35,23.99,81.09,1020.66,5.02,NEXTSENSE-20:0:0
A1,12201609052000,274.00,22.39,93.30,23.99,81.09,1021.37,5.02,NEXTSENSE-21:0:0
A1,12201609052100,8.00,21.81,110.07,23.99,93.71,1021.74,5.02,NEXTSENSE-22:0:0
A1,12201609052200,7.00,21.93,93.20,23.99,93.71,1022.20,5.02,NEXTSENSE-23:0:0
A1,12201609052300,6.00,21.81,93.16,23.99,93.71,1022.28,5.02,NEXTSENSE-0:0:0
A2,12201609052310,6.00,21.81,93.16,23.99,93.71,1022.28,5.02,NEXTFEED-2016-9-6@23:10:0
A1,12201609060000,7.00,22.05,93.22,23.99,93.71,1022.67,5.02,NEXTSENSE-1:0:0
A1,12201609060100,2.00,23.97,93.12,23.99,93.71,1022.52,5.02,NEXTSENSE-2:0:0
A1,12201609060200,2.00,23.67,93.63,23.99,93.71,1022.72,5.02,NEXTSENSE-3:0:0
A1,12201609060300,4.00,23.75,93.67,23.99,93.71,1022.88,5.02,NEXTSENSE-4:0:0
A1,12201609060400,5.00,23.67,93.63,23.99,93.71,1022.93,5.02,NEXTSENSE-5:0:0
A1,12201609060500,4.00,23.37,93.56,23.99,93.71,1022.97,5.02,NEXTSENSE-6:0:0
A1,12201609060600,208.00,23.37,93.56,23.99,93.71,1023.36,5.02,NEXTSENSE-7:0:0
A1,12201609060700,18949.00,23.67,93.64,23.99,93.71,1023.81,5.02,NEXTSENSE-8:0:0
A1,12201609060800,36394.00,23.99,93.71,23.99,93.71,1024.04,5.02,NEXTSENSE-9:0:0
A1,12201609060900,65535.00,21.99,93.20,23.99,81.09,1024.19,4.96,NEXTSENSE-10:0:0
A1,12201609061000,65535.00,24.37,81.04,26.55,81.64,1024.21,5.02,NEXTSENSE-11:0:0
A1,12201609061100,65535.00,25.19,77.74,26.55,74.72,1024.10,5.03,NEXTSENSE-12:0:0
A1,12201609061200,65535.00,25.01,77.03,26.55,74.72,1024.12,5.03,NEXTSENSE-13:0:0
A1,12201609061300,65535.00,25.97,79.98,26.55,74.72,1023.97,5.02,NEXTSENSE-14:0:0
A1,12201609061400,61742.00,24.17,75.96,26.55,74.72,1023.96,5.03,NEXTSENSE-15:0:0
A1,12201609061500,65535.00,26.43,72.92,31.67,75.72,1023.76,5.03,NEXTSENSE-16:0:0
A1,12201609061600,65535.00,24.59,78.25,26.55,74.72,1023.60,5.03,NEXTSENSE-17:0:0
A1,12201609061700,65535.00,24.51,75.13,26.55,74.72,1023.26,5.03,NEXTSENSE-18:0:0
A1,12201609061800,64136.00,25.97,81.09,26.55,74.72,1023.04,5.03,NEXTSENSE-19:0:0
A1,12201609061900,6689.00,24.55,79.82,26.55,74.72,1022.76,5.03,NEXTSENSE-20:0:0
A1,12201609062000,63.00,23.67,78.01,23.99,81.09,1022.98,5.02,NEXTSENSE-21:0:0
A1,12201609062100,8.00,23.01,77.26,23.99,81.09,1023.18,5.03,NEXTSENSE-22:0:0
A1,12201609062200,2.00,23.71,93.67,23.99,81.09,1023.07,5.02,NEXTSENSE-23:0:0
A1,12201609062300,5.00,22.55,80.10,23.99,81.09,1022.99,5.02,NEXTSENSE-0:0:0
A2,12201609062310,5.00,22.55,80.10,23.99,81.09,1022.99,5.02,NEXTFEED-2016-9-7@23:10:0
A1,12201609070000,2.00,21.43,93.06,21.43,80.54,1022.84,5.02,NEXTSENSE-1:0:0
A1,12201609070100,4.00,21.43,93.06,21.43,80.54,1022.15,5.02,NEXTSENSE-2:0:0
A1,12201609070200,6.00,21.55,93.10,23.99,81.09,1021.88,5.02,NEXTSENSE-3:0:0
A1,12201609070300,6.00,21.73,80.16,23.99,81.09,1021.82,5.02,NEXTSENSE-4:0:0
A1,12201609070400,6.00,21.43,93.07,23.99,81.09,1021.36,5.02,NEXTSENSE-5:0:0
A1,12201609070500,6.00,21.43,93.06,23.99,93.71,1020.74,5.02,NEXTSENSE-6:0:0
A1,12201609070600,79.00,21.43,93.06,21.43,93.71,1020.77,5.02,NEXTSENSE-7:0:0
A1,12201609070700,8111.00,21.43,93.06,21.43,93.71,1020.76,5.02,NEXTSENSE-8:0:0
A1,12201609070800,25041.00,21.91,93.20,23.99,93.71,1020.85,5.02,NEXTSENSE-9:0:0
A1,12201609070900,61613.00,22.69,93.39,23.99,81.09,1020.38,4.96,NEXTSENSE-10:0:0
A1,12201609071000,65535.00,21.59,93.09,23.99,81.09,1019.95,5.02,NEXTSENSE-11:0:0
A1,12201609071100,65535.00,24.77,76.35,26.55,81.64,1019.52,4.99,NEXTSENSE-12:0:0
A1,12201609071200,65535.00,25.91,70.61,31.67,68.33,1018.89,5.02,NEXTSENSE-13:0:0
A1,12201609071300,65535.00,31.67,68.27,31.67,60.58,1018.15,5.03,NEXTSENSE-14:0:0
A1,12201609071400,65535.00,31.67,52.46,34.07,42.05,1017.47,5.03,NEXTSENSE-15:0:0
A1,12201609071500,65535.00,36.79,53.14,33.13,39.94,1016.77,5.04,NEXTSENSE-16:0:0
A1,12201609071600,65535.00,31.67,52.46,33.91,40.44,1016.05,5.04,NEXTSENSE-17:0:0
A1,12201609071700,65535.00,31.67,52.46,34.23,44.26,1015.36,5.04,NEXTSENSE-18:0:0
A1,12201609071800,65535.00,31.67,52.46,31.67,43.97,1014.62,5.04,NEXTSENSE-19:0:0
A1,12201609071900,25384.00,26.53,60.58,31.67,52.46,1014.12,5.03,NEXTSENSE-20:0:0
A1,12201609072000,116.00,23.83,66.27,23.99,67.00,1013.78,5.03,NEXTSENSE-21:0:0
A1,12201609072100,2.00,22.13,83.50,23.99,67.00,1014.03,5.02,NEXTSENSE-22:0:0
A1,12201609072200,2.00,22.55,71.29,23.99,67.00,1013.52,5.02,NEXTSENSE-23:0:0
A1,12201609072300,2.00,21.55,71.98,23.99,67.00,1013.10,5.03,NEXTSENSE-0:0:0
A2,12201609072310,2.00,21.55,71.98,23.99,67.00,1013.10,5.03,NEXTFEED-2016-9-8@23:10:0
A1,12201609080000,1.00,21.43,75.63,21.43,73.73,1012.65,5.02,NEXTSENSE-1:0:0
A1,12201609080100,1.00,21.43,78.87,21.43,80.54,1011.81,5.03,NEXTSENSE-2:0:0
A1,12201609080200,2.00,21.43,93.06,21.43,93.06,1010.89,5.03,NEXTSENSE-3:0:0
A1,12201609080300,1.00,21.43,93.06,21.43,93.06,1010.03,5.02,NEXTSENSE-4:0:0
A1,12201609080400,1.00,21.43,93.06,21.43,93.06,1009.41,5.02,NEXTSENSE-5:0:0
A1,12201609080500,1.00,21.43,93.06,21.43,93.06,1008.86,5.02,NEXTSENSE-6:0:0
A1,12201609080600,292.00,21.43,93.06,21.43,93.06,1008.13,5.02,NEXTSENSE-7:0:0
A1,12201609080700,33648.00,21.43,93.06,21.43,93.06,1008.04,5.02,NEXTSENSE-8:0:0
A1,12201609080800,65535.00,21.43,93.06,41.91,93.06,1007.94,5.02,NEXTSENSE-9:0:0
A1,12201609080900,65535.00,21.55,76.76,23.99,74.22,1009.66,5.03,NEXTSENSE-10:0:0
A1,12201609081000,65535.00,21.57,72.01,23.99,67.00,1010.00,5.02,NEXTSENSE-11:0:0
A1,12201609081100,65535.00,26.23,61.60,26.55,59.79,1010.21,5.03,NEXTSENSE-12:0:0
A1,12201609081200,65535.00,31.67,52.46,31.67,45.12,1010.96,5.03,NEXTSENSE-13:0:0
A1,12201609081300,65535.00,31.67,52.46,31.67,35.82,1011.56,5.04,NEXTSENSE-14:0:0
A1,12201609081400,65535.00,25.55,51.64,31.67,43.97,1012.19,5.03,NEXTSENSE-15:0:0
A1,12201609081500,65535.00,25.15,51.60,26.55,43.39,1012.50,5.03,NEXTSENSE-16:0:0
A1,12201609081600,65535.00,25.33,51.62,26.55,43.39,1012.86,5.03,NEXTSENSE-17:0:0
A1,12201609081700,65535.00,26.03,51.71,31.67,43.97,1013.02,5.04,NEXTSENSE-18:0:0
A1,12201609081800,65535.00,25.91,51.69,26.55,51.78,1013.21,5.03,NEXTSENSE-19:0:0
A1,12201609081900,34617.00,23.51,69.21,23.99,51.44,1013.86,5.03,NEXTSENSE-20:0:0
A1,12201609082000,98.00,21.43,59.01,21.43,51.10,1014.45,5.03,NEXTSENSE-21:0:0
A1,12201609082100,2.00,21.43,64.70,21.43,66.55,1015.36,5.03,NEXTSENSE-22:0:0
A1,12201609082200,2.00,21.43,67.52,21.43,73.73,1015.61,5.02,NEXTSENSE-23:0:0
A1,12201609082300,2.00,21.43,69.96,21.43,73.73,1015.75,5.02,NEXTSENSE-0:0:0
A2,12201609082310,2.00,21.43,69.96,21.43,73.73,1015.75,5.02,NEXTFEED-2016-9-9@23:10:0
A1,12201609090000,2.00,21.43,72.96,21.43,73.73,1016.01,5.01,NEXTSENSE-1:0:0
A1,12201609090100,2.00,21.43,78.87,21.43,80.54,1015.94,5.01,NEXTSENSE-2:0:0
A1,12201609090200,2.00,21.43,75.14,21.43,80.54,1015.95,5.01,NEXTSENSE-3:0:0
A1,12201609090300,2.00,21.43,75.57,21.43,80.54,1015.50,5.01,NEXTSENSE-4:0:0
A1,12201609090400,1.00,21.43,76.81,21.43,80.54,1015.44,5.01,NEXTSENSE-5:0:0
A1,12201609090500,6.00,21.43,79.71,21.43,80.54,1015.34,5.01,NEXTSENSE-6:0:0
A1,12201609090600,105.00,21.43,76.75,21.43,80.54,1015.56,5.01,NEXTSENSE-7:0:0
A1,12201609090700,15886.00,21.43,77.92,21.43,80.54,1015.66,5.01,NEXTSENSE-8:0:0
