12201607142310,,,,,,,,,1,1,1,
12201607142310,,,,,,,,,1,1,1,
12201607142310,,,,,,,,,1,1,1,
12201607142310,,,,,,,,,1,1,1,
12201607142310,,,,,,,,,1,1,1,
12201607142310,,,,,,,,,1,1,1,
12201607142310,,,,,,,,,1,1,1,
12201607142310,,,,,,,,,1,1,1,
12201607142310,,,,,,,,,1,1,1,
12201607142310,,,,,,,,,1,1,1,
12201607142310,,,,,,,,,1,1,1,
12201607142310,,,,,,,,,1,1,1,
12201607142310,,,,,,,,,1,1,1,
12201607142310,,,,,,,,,1,1,1,
12201607142310,,,,,,,,,1,1,1,
12201607142310,,,,,,,,,1,1,1,
12201607142310,,,,,,,,,1,1,1,
12201607142310,,,,,,,,,1,1,1,
12201607142310,,,,,,,,,1,1,1,
12201607142310,,,,,,,,,1,1,1,
12201607142310,,,,,,,,,1,1,1,
12201607142310,,,,,,,,,1,1,1,
12201607142310,,,,,,,,,1,1,1,
12201607142310,122016071423,850.00,23.99,59.30,23.99,59.40,1025.20,5.06,1,1,1,1
12201607152310,122016071500,877.00,26.55,51.69,26.55,51.78,1025.41,5.05,1,1,1,1
12201607152311,122016071501,24.00,26.55,51.69,26.55,51.78,1025.54,5.05,1,1,1,1
12201607152311,122016071502,25.00,26.55,51.64,26.55,51.78,1025.43,5.05,1,1,1,1
12201607152311,122016071503,26.00,26.55,51.57,26.55,51.78,1025.44,5.05,1,1,1,1
12201607152312,122016071504,28.00,26.55,51.46,26.55,51.78,1025.50,5.05,1,1,1,0.1
12201607152312,122016071505,2157.00,23.67,59.35,26.55,51.78,1025.40,5.05,1,1,1,1
12201607152313,122016071506,29986.00,25.97,51.71,31.67,52.46,1025.64,5.05,1,1,1,1
12201607152313,122016071507,54088.00,31.67,42.13,31.67,36.52,1025.61,5.05,1,1,1,0.1
12201607152313,122016071508,65535.00,31.67,42.88,36.79,33.72,1026.00,5.05,1,1,1,1
12201607152314,122016071509,65535.00,118.71,26.44,46.47,14.60,1025.90,5.05,1,1,1,0.1
12201607152314,122016071510,65535.00,-34.89,26.81,51.83,17.25,1025.82,5.05,1,1,1,0.1
12201607152314,122016071511,65535.00,118.71,53.48,42.15,26.64,1025.91,5.06,1,1,1,0.1
12201607152315,122016071512,65535.00,108.47,33.11,39.35,26.44,1025.85,5.05,1,1,1,0.1
12201607152315,122016071513,65535.00,108.47,28.21,36.79,26.26,1025.82,5.05,1,1,1,0.1
12201607152316,122016071514,65535.00,108.47,30.84,36.79,29.80,1025.63,5.04,1,1,1,0.1
12201607152316,122016071515,65535.00,103.35,33.98,33.71,33.04,1025.66,5.04,1,1,1,0.1
12201607152316,122016071516,60573.00,31.67,39.03,34.23,35.35,1025.24,5.04,1,1,1,0.1
12201607152317,122016071517,32795.00,31.67,43.76,31.67,43.97,1025.09,5.04,1,1,1,0.1
12201607152317,122016071518,19343.00,31.67,39.66,31.67,43.97,1025.16,5.04,1,1,1,0.1
12201607152317,122016071519,24607.00,31.67,43.90,31.67,43.97,1024.68,5.04,1,1,1,0.1
12201607152318,122016071520,14667.00,31.67,52.46,31.67,52.46,1024.30,5.04,1,1,1,0.1
12201607152318,122016071521,5105.00,26.55,51.74,31.67,52.46,1024.41,5.04,1,1,1,0.1
12201607152318,122016071522,28.00,26.55,51.64,31.67,52.46,1024.56,5.04,1,1,1,0.1
12201607152319,122016071523,768.00,25.19,59.58,26.55,59.79,1024.52,5.04,1,1,1,0.1
12201607162310,122016071600,25.00,25.29,59.61,31.67,52.46,1024.51,5.04,1,1,1,0.1
12201607162311,122016071601,25.00,24.95,59.55,26.55,51.78,1024.46,5.04,1,1,1,1
12201607162311,122016071602,24.00,26.55,59.50,26.55,59.79,1024.53,5.04,1,1,1,0.1
12201607162312,122016071603,24.00,26.55,59.49,26.55,59.79,1024.16,5.04,1,1,1,0.1
12201607162312,122016071604,25.00,26.55,59.79,26.55,59.79,1024.01,5.04,1,1,1,0.1
12201607162312,122016071605,851.00,26.55,59.71,26.55,59.79,1024.04,5.04,1,1,1,0.1
12201607162313,122016071606,7198.00,26.55,59.78,26.55,59.79,1024.23,5.04,1,1,1,0.1
12201607162313,122016071607,10770.00,26.55,59.45,26.55,51.78,1024.56,5.04,1,1,1,0.1
12201607162313,122016071608,42411.00,26.55,51.69,31.67,52.46,1024.78,5.04,1,1,1,0.1
12201607162314,122016071609,65535.00,31.67,52.46,31.67,43.97,1025.13,5.04,1,1,1,0.1
12201607162314,122016071610,65535.00,108.47,39.85,39.35,31.10,1024.82,5.04,1,1,1,0.1
12201607162314,122016071611,65535.00,47.03,26.64,49.85,13.16,1024.52,5.04,1,1,1,0.1
12201607162315,122016071612,65535.00,41.91,30.00,43.87,26.77,1024.34,5.04,1,1,1,0.1
12201607162315,122016071613,65535.00,108.47,82.84,36.79,26.93,1024.04,5.04,1,1,1,0.1
12201607162316,122016071614,65535.00,108.47,82.84,36.79,31.84,1023.61,5.04,1,1,1,0.1
12201607162316,122016071615,65535.00,108.47,82.94,36.79,31.62,1023.27,5.04,1,1,1,0.1
12201607162316,122016071616,65535.00,108.47,35.84,36.79,33.36,1022.93,5.04,1,1,1,0.1
12201607162317,122016071617,51580.00,31.67,36.87,32.87,36.63,1022.65,5.04,1,1,1,0.1
12201607162317,122016071618,65535.00,103.35,39.17,34.23,44.00,1022.50,5.01,1,1,1,0.1
12201607162317,122016071619,33020.00,103.35,82.74,34.23,44.26,1022.53,5.04,1,1,1,0.1
12201607162318,122016071620,14545.00,103.35,95.67,31.67,43.97,1022.41,5.04,1,1,1,0.1
12201607162318,122016071621,2460.00,31.67,52.46,31.67,52.46,1022.45,5.04,1,1,1,0.1
12201607162318,122016071622,755.00,31.67,52.46,31.67,52.46,1022.83,5.04,1,1,1,0.1
12201607162319,122016071623,790.00,31.67,52.46,31.67,52.46,1022.76,5.04,1,1,1,0.1
12201607172310,122016071700,804.00,31.67,52.46,31.67,52.46,1022.72,5.04,1,1,1,0.1
12201607172311,122016071701,24.00,31.67,60.58,31.67,60.58,1022.62,5.04,1,1,1,0.1
12201607172311,122016071702,25.00,31.67,60.58,31.67,60.58,1022.53,5.04,1,1,1,0.1
12201607172311,122016071703,27.00,31.67,60.58,31.67,60.58,1022.45,5.04,1,1,1,0.1
12201607172312,122016071704,26.00,31.67,60.58,31.67,60.58,1022.15,5.04,1,1,1,0.1
12201607172312,122016071705,543.00,31.67,60.58,31.67,60.58,1022.10,5.04,1,1,1,0.1
12201607172312,122016071706,8020.00,31.67,60.58,31.67,60.58,1022.05,5.04,1,1,1,0.1
12201607172313,122016071707,27494.00,31.67,52.46,31.67,52.46,1022.29,5.04,1,1,1,0.1
12201607172313,122016071708,65535.00,31.67,52.46,31.97,36.82,1022.45,5.04,1,1,1,0.1
12201607172314,122016071709,65535.00,113.59,83.84,40.15,26.51,1022.23,5.04,1,1,1,0.1
12201607172314,122016071710,65535.00,123.83,69.90,46.05,26.94,1022.09,5.04,1,1,1,0.1
12201607172314,122016071711,15624.00,108.47,38.04,36.79,30.89,1022.01,5.04,1,1,1,0.1
12201607172315,122016071712,65535.00,108.47,83.84,39.35,32.05,1021.78,5.04,1,1,1,0.1
12201607172315,122016071713,65535.00,108.47,43.50,36.79,31.26,1021.57,5.04,1,1,1,0.1
12201607172315,122016071714,65535.00,108.47,82.99,36.79,34.44,1021.40,5.04,1,1,1,0.1
12201607172316,122016071715,65535.00,108.47,37.86,36.79,36.65,1020.98,5.04,1,1,1,0.1
12201607172316,122016071716,57618.00,103.35,82.74,32.63,39.62,1020.54,5.04,1,1,1,0.1
12201607172316,122016071717,41418.00,31.67,41.79,34.23,44.26,1020.21,5.04,1,1,1,0.1
12201607172317,122016071718,46348.00,103.35,82.74,34.23,44.26,1019.99,5.04,1,1,1,0.1
12201607172317,122016071719,29616.00,31.67,42.06,34.23,44.26,1020.00,5.04,1,1,1,0.1
12201607172318,122016071720,18368.00,31.67,43.90,31.67,43.97,1020.16,5.04,1,1,1,0.1
12201607172318,122016071721,3764.00,31.67,52.46,31.67,43.97,1020.58,5.04,1,1,1,0.1
12201607172318,122016071722,798.00,31.67,52.46,31.67,52.46,1021.15,5.04,1,1,1,0.1
12201607172319,122016071723,807.00,31.67,52.46,31.67,52.46,1021.30,5.04,1,1,1,0.1
12201607182310,122016071800,25.00,31.67,60.58,31.67,60.58,1021.50,5.04,1,1,1,1
12201607182311,122016071801,24.00,31.67,60.58,31.67,60.58,1021.54,5.04,1,1,1,0.1
12201607182311,122016071802,26.00,31.67,60.58,31.67,60.58,1021.47,5.04,1,1,1,1
12201607182311,122016071803,26.00,31.67,60.58,31.67,60.58,1021.34,5.04,1,1,1,1
12201607182312,122016071804,28.00,31.67,60.58,31.67,60.58,1021.16,5.04,1,1,1,0.1
12201607182312,122016071805,2442.00,31.67,60.58,31.67,60.58,1021.14,5.04,1,1,1,0.1
12201607182312,122016071806,26152.00,31.67,60.58,31.67,52.46,1021.37,5.04,1,1,1,0.1
12201607182313,122016071807,65535.00,103.35,52.46,41.91,27.52,1021.62,5.04,1,1,1,1
12201607182313,122016071808,65535.00,41.91,31.77,52.81,9.38,1021.67,5.04,1,1,1,0.1
12201607182314,122016071809,65535.00,47.03,26.76,57.27,15.02,1021.88,5.04,1,1,1,1
12201607182314,122016071810,65535.00,123.83,26.63,49.77,7.31,1021.85,5.04,1,1,1,0.1
12201607182314,122016071811,65535.00,-34.89,26.76,52.13,17.03,1021.89,5.04,1,1,1,1
12201607182315,122016071812,65535.00,123.83,16.19,49.59,16.58,1021.87,5.04,1,1,1,0.1
12201607182315,122016071813,65535.00,113.59,53.14,39.35,26.44,1021.46,5.04,1,1,1,1
12201607182316,122016071814,54743.00,108.47,26.07,36.79,26.26,1021.15,5.04,1,1,1,1
12201607182316,122016071815,43135.00,108.47,25.95,36.79,26.26,1020.52,5.04,1,1,1,0.1
12201607182316,122016071816,33497.00,108.47,26.03,34.23,26.07,1020.13,5.04,1,1,1,1
12201607182317,122016071817,29365.00,108.47,52.66,34.23,26.07,1019.73,5.04,1,1,1,0.1
12201607182317,122016071818,27119.00,108.47,26.62,34.23,26.07,1019.19,5.04,1,1,1,1
12201607182317,122016071819,24560.00,108.47,68.44,34.23,26.07,1019.10,5.04,1,1,1,0.1
12201607182318,122016071820,16595.00,108.47,30.30,34.23,35.35,1019.18,5.04,1,1,1,0.1
12201607182318,122016071821,4645.00,103.35,82.74,31.67,43.97,1019.54,5.04,1,1,1,1
12201607182319,122016071822,734.00,31.67,43.43,31.67,43.97,1019.96,5.04,1,1,1,1
12201607182319,122016071823,741.00,31.67,52.46,31.67,52.46,1020.18,5.04,1,1,1,0.1
12201607192310,122016071900,28.00,31.67,52.46,31.67,52.46,1020.24,5.05,1,1,1,1
12201607192311,122016071901,28.00,31.67,52.46,31.67,52.46,1019.90,5.05,1,1,1,0.1
12201607192311,122016071902,27.00,31.67,52.46,31.67,60.58,1019.60,5.05,1,1,1,0.1
12201607192311,122016071903,28.00,26.55,59.74,26.55,59.79,1019.47,5.05,1,1,1,0.1
12201607192312,122016071904,29.00,26.55,59.59,26.55,59.79,1018.98,5.05,1,1,1,1
12201607192312,122016071905,1762.00,26.55,59.79,26.55,59.79,1018.72,5.05,1,1,1,1
12201607192312,122016071906,24301.00,26.55,59.69,31.67,52.46,1018.58,5.05,1,1,1,0.1
12201607192313,122016071907,65535.00,31.67,37.29,41.27,26.58,1018.81,5.05,1,1,1,1
12201607192313,122016071908,65535.00,123.83,30.00,54.39,8.11,1018.56,5.05,1,1,1,1
12201607192314,122016071909,65535.00,-34.89,26.67,57.27,13.47,1018.31,5.05,1,1,1,1
12201607192314,122016071910,65535.00,47.03,26.86,59.83,13.58,1018.03,5.05,1,1,1,0.1
12201607192314,122016071911,65535.00,49.87,14.69,59.83,11.20,1017.56,5.05,1,1,1,1
12201607192315,122016071912,65535.00,-29.77,54.19,53.75,17.20,1017.35,5.05,1,1,1,1
12201607192315,122016071913,65535.00,118.71,30.07,40.47,26.52,1016.86,5.05,1,1,1,1
12201607192315,122016071914,65535.00,36.79,69.22,39.35,30.22,1016.19,5.05,1,1,1,1
12201607192316,122016071915,57718.00,113.59,69.22,36.79,33.29,1015.79,5.05,1,1,1,0.1
12201607192316,122016071916,50019.00,36.79,31.98,36.79,35.58,1015.11,5.05,1,1,1,1
12201607192317,122016071917,44103.00,33.59,68.66,36.79,35.58,1014.61,5.05,1,1,1,1
12201607192317,122016071918,38870.00,108.47,27.25,36.79,35.58,1014.24,5.05,1,1,1,0.1
12201607192317,122016071919,34378.00,108.47,82.86,34.23,44.26,1014.10,5.05,1,1,1,1
12201607192318,122016071920,23692.00,31.67,52.46,31.67,43.97,1013.80,5.05,1,1,1,0.1
12201607192318,122016071921,3722.00,31.67,52.46,31.67,52.46,1013.36,5.05,1,1,1,1
12201607192318,122016071922,256.00,31.67,52.46,31.67,52.46,1013.12,5.05,1,1,1,1
12201607192319,122016071923,257.00,31.67,52.46,31.67,52.46,1012.47,5.05,1,1,1,0.1
12201607202310,122016072000,39.00,31.67,52.46,31.67,52.46,1012.05,5.05,1,1,1,1
12201607202311,122016072001,40.00,31.67,52.46,31.67,60.58,1011.32,5.05,1,1,1,0.1
12201607202311,122016072002,41.00,31.67,60.58,31.67,60.58,1010.58,5.05,1,1,1,0.1
12201607202311,122016072003,39.00,31.67,60.58,31.67,60.58,1009.58,5.05,1,1,1,0.1
12201607202312,122016072004,40.00,31.67,60.58,31.67,60.58,1008.50,5.05,1,1,1,0.1
12201607202312,122016072005,3934.00,31.67,60.58,31.67,60.58,1007.66,5.05,1,1,1,0.1
12201607202313,122016072006,35008.00,31.67,52.46,31.67,52.46,1007.27,5.05,1,1,1,1
12201607202313,122016072007,65535.00,108.47,83.22,39.35,31.25,1006.73,5.05,1,1,1,1
12201607202313,122016072008,65535.00,118.71,69.66,49.59,27.17,1006.38,5.05,1,1,1,0.1
12201607202314,122016072009,65535.00,-34.89,26.64,57.27,17.53,1006.83,5.05,1,1,1,0.1
12201607202314,122016072010,65535.00,40.31,27.18,49.77,15.96,1007.32,5.05,1,1,1,0.1
12201607202314,122016072011,65535.00,118.71,30.00,40.49,26.52,1007.55,5.05,1,1,1,1
12201607202315,122016072012,65535.00,108.47,37.99,33.93,37.51,1008.34,5.05,1,1,1,1
12201607202315,122016072013,65535.00,113.59,83.84,39.35,35.53,1008.07,5.05,1,1,1,0.1
12201607202316,122016072014,65535.00,108.47,83.84,36.79,31.84,1008.23,5.05,1,1,1,0.1
12201607202316,122016072015,65535.00,113.59,83.84,36.79,33.36,1008.57,5.05,1,1,1,0.1
12201607202316,122016072016,65535.00,108.47,43.09,36.79,35.58,1008.58,5.05,1,1,1,0.1
12201607202317,122016072017,65535.00,108.47,83.22,36.79,35.58,1008.82,5.05,1,1,1,0.1
12201607202317,122016072018,42210.00,33.11,37.49,34.23,35.35,1009.09,5.05,1,1,1,0.1
12201607202317,122016072019,35242.00,31.67,35.47,31.67,35.11,1009.20,5.05,1,1,1,0.1
12201607202318,122016072020,23426.00,31.67,37.71,34.23,35.35,1009.99,5.05,1,1,1,0.1
12201607202318,122016072021,4246.00,31.67,42.13,31.67,43.97,1011.29,5.05,1,1,1,0.1
12201607202318,122016072022,37.00,31.67,42.88,31.67,43.97,1012.27,5.05,1,1,1,0.1
12201607202319,122016072023,256.00,31.67,38.48,31.67,43.97,1012.65,5.05,1,1,1,0.1
12201607212310,122016072100,36.00,31.67,38.69,31.67,43.97,1013.16,5.04,1,1,1,0.1
12201607212311,122016072101,34.00,31.67,37.22,31.67,43.97,1013.19,5.04,1,1,1,0.1
12201607212311,122016072102,37.00,25.91,51.69,26.55,51.78,1013.37,5.04,1,1,1,0.1
12201607212311,122016072103,34.00,26.23,51.73,26.55,51.78,1013.23,5.04,1,1,1,0.1
12201607212312,122016072104,39.00,26.55,51.56,26.55,51.78,1013.48,5.04,1,1,1,0.1
12201607212312,122016072105,4050.00,26.55,51.47,26.55,51.78,1013.88,5.04,1,1,1,0.1
12201607212313,122016072106,52510.00,25.11,51.58,26.55,51.78,1014.30,5.04,1,1,1,1
12201607212313,122016072107,65535.00,31.67,52.46,31.67,43.97,1014.71,5.04,1,1,1,0.1
12201607212313,122016072108,65535.00,31.67,40.14,31.67,35.11,1015.26,5.04,1,1,1,1
12201607212314,122016072109,65535.00,31.67,37.29,33.11,30.95,1015.57,5.04,1,1,1,0.1
12201607212314,122016072110,65535.00,108.47,68.68,40.63,26.53,1015.93,5.02,1,1,1,0.1
12201607212314,122016072111,65535.00,39.35,26.44,42.39,26.66,1015.93,5.01,1,1,1,1
12201607212315,122016072112,65535.00,118.71,53.48,42.21,15.59,1015.86,5.01,1,1,1,0.1
12201607212315,122016072113,65535.00,108.47,33.04,36.79,26.26,1015.71,5.00,1,1,1,0.1
12201607212315,122016072114,65535.00,108.47,68.66,36.79,26.26,1015.66,5.03,1,1,1,1
12201607212316,122016072115,65535.00,31.67,35.04,33.69,26.04,1015.53,5.04,1,1,1,1
12201607212316,122016072116,65535.00,31.67,26.55,33.75,26.05,1015.48,5.04,1,1,1,0.1
12201607212317,122016072117,59272.00,31.67,29.39,32.01,30.00,1015.63,5.04,1,1,1,1
12201607212317,122016072118,24458.00,31.67,34.90,31.67,35.11,1015.44,5.04,1,1,1,0.1
12201607212317,122016072119,16238.00,31.67,68.33,31.67,35.11,1015.40,5.04,1,1,1,0.1
12201607212318,122016072120,1838.00,31.67,33.20,31.67,35.11,1015.69,5.04,1,1,1,0.1
12201607212318,122016072121,629.00,31.67,39.93,31.67,43.97,1015.99,5.04,1,1,1,1
12201607212318,122016072122,270.00,31.67,43.09,31.67,43.97,1016.47,5.04,1,1,1,0.1
12201607212319,122016072123,284.00,31.67,41.79,31.67,43.97,1016.93,5.04,1,1,1,0.1
11201607251806,,,,,,,,,1,1,1,
11201607251806,,,,,,,,,1,1,1,
11201607251806,,,,,,,,,1,1,1,
11201607251806,,,,,,,,,1,1,1,
11201607251806,,,,,,,,,1,1,1,
11201607251806,,,,,,,,,1,1,1,
11201607251806,,,,,,,,,1,1,1,
11201607251806,,,,,,,,,1,1,1,
11201607251806,,,,,,,,,1,1,1,
11201607251806,,,,,,,,,1,1,1,
11201607251806,,,,,,,,,1,1,1,
11201607251806,,,,,,,,,1,1,1,
11201607251807,,,,,,,,,1,1,1,
11201607251807,,,,,,,,,1,1,1,
11201607251807,,,,,,,,,1,1,1,
11201607251807,,,,,,,,,1,1,1,
11201607251807,,,,,,,,,1,1,1,
11201607251807,,,,,,,,,1,1,1,
11201607251807,112016072518,2128.00,26.55,51.78,26.55,51.78,1015.08,5.02,1,1,1,1
11201607251807,,,,,,,,,1,1,1,1
11201607251807,,,,,,,,,1,1,1,1
11201607251807,,,,,,,,,1,1,1,1
11201607251807,,,,,,,,,1,1,1,1
11201607251807,,,,,,,,,1,1,1,1
12201607202301,122016072000,39.00,31.67,52.46,31.67,52.46,1012.05,5.05,1,1,1,1
12201607202301,122016072001,40.00,31.67,52.46,31.67,60.58,1011.32,5.05,1,1,1,0.1
12201607202301,122016072002,41.00,31.67,60.58,31.67,60.58,1010.58,5.05,1,1,1,1
12201607202302,122016072003,39.00,31.67,60.58,31.67,60.58,1009.58,5.05,1,1,1,1
12201607202302,122016072004,40.00,31.67,60.58,31.67,60.58,1008.50,5.05,1,1,1,1
12201607202303,122016072005,3934.00,31.67,60.58,31.67,60.58,1007.66,5.05,1,1,1,0.1
12201607202303,122016072006,35008.00,31.67,52.46,31.67,52.46,1007.27,5.05,1,1,1,1
12201607202303,122016072007,65535.00,108.47,83.22,39.35,31.25,1006.73,5.05,1,1,1,1
12201607202304,122016072008,65535.00,118.71,69.66,49.59,27.17,1006.38,5.05,1,1,1,0.1
12201607202304,122016072009,65535.00,-34.89,26.64,57.27,17.53,1006.83,5.05,1,1,1,1
12201607202304,122016072010,65535.00,40.31,27.18,49.77,15.96,1007.32,5.05,1,1,1,1
12201607202305,122016072011,65535.00,118.71,30.00,40.49,26.52,1007.55,5.05,1,1,1,0.1
12201607202305,122016072012,65535.00,108.47,37.99,33.93,37.51,1008.34,5.05,1,1,1,1
12201607202305,122016072013,65535.00,113.59,83.84,39.35,35.53,1008.07,5.05,1,1,1,0.1
12201607202306,122016072014,65535.00,108.47,83.84,36.79,31.84,1008.23,5.05,1,1,1,1
12201607202306,122016072015,65535.00,113.59,83.84,36.79,33.36,1008.57,5.05,1,1,1,0.1
12201607202306,122016072016,65535.00,108.47,43.09,36.79,35.58,1008.58,5.05,1,1,1,1
12201607202307,122016072017,65535.00,108.47,83.22,36.79,35.58,1008.82,5.05,1,1,1,1
12201607202307,122016072018,42210.00,33.11,37.49,34.23,35.35,1009.09,5.05,1,1,1,0.1
12201607202307,122016072019,35242.00,31.67,35.47,31.67,35.11,1009.20,5.05,1,1,1,1
12201607202308,122016072020,23426.00,31.67,37.71,34.23,35.35,1009.99,5.05,1,1,1,0.1
12201607202308,122016072021,4246.00,31.67,42.13,31.67,43.97,1011.29,5.05,1,1,1,0.1
12201607202309,122016072022,1699.00,26.55,43.39,26.55,43.39,1014.93,5.01,1,1,1,0.1
12201607202309,122016072023,256.00,31.67,38.48,31.67,43.97,1012.65,5.05,1,1,1,0.1
12201607252310,,,,,,,,,1,1,1,
12201607252310,,,,,,,,,1,1,1,
12201607252310,,,,,,,,,1,1,1,
12201607252310,,,,,,,,,1,1,1,
12201607252310,,,,,,,,,1,1,1,
12201607252310,,,,,,,,,1,1,1,
12201607252310,,,,,,,,,1,1,1,
12201607252310,,,,,,,,,1,1,1,
12201607252310,,,,,,,,,1,1,1,
12201607252310,,,,,,,,,1,1,1,
12201607252310,,,,,,,,,1,1,1,
12201607252310,,,,,,,,,1,1,1,
12201607252310,,,,,,,,,1,1,1,
12201607252310,,,,,,,,,1,1,1,
12201607252310,,,,,,,,,1,1,1,
12201607252310,,,,,,,,,1,1,1,
12201607252310,,,,,,,,,1,1,1,
12201607252310,,,,,,,,,1,1,1,
12201607252310,,,,,,,,,1,1,1,
12201607252310,,,,,,,,,1,1,1,
12201607252310,122016072520,10505.00,26.55,43.39,26.55,43.39,1015.59,5.01,1,1,1,0.1
12201607252311,122016072521,1080.00,26.55,43.39,26.55,43.39,1016.00,5.02,1,1,1,1
12201607252311,122016072522,208.00,26.55,43.39,26.55,51.78,1016.28,5.01,1,1,1,1
12201607252311,122016072523,197.00,26.55,51.78,23.99,51.44,1016.71,5.00,1,1,1,1
12201607262310,122016072600,2.00,26.55,51.56,26.55,51.78,1016.74,5.02,1,1,1,1
12201607262311,122016072601,1.00,26.55,51.56,26.55,51.78,1016.87,5.02,1,1,1,1
12201607262311,122016072602,1.00,24.61,51.52,26.55,51.78,1017.07,5.02,1,1,1,1
12201607262311,122016072603,1.00,24.55,51.51,26.55,51.78,1017.07,5.02,1,1,1,0.1
12201607262312,122016072604,1.00,26.55,51.51,26.55,51.78,1017.01,5.02,1,1,1,1
12201607262312,122016072605,11.00,26.55,51.49,26.55,51.78,1017.08,5.02,1,1,1,1
12201607262313,122016072606,172.00,26.51,51.48,26.55,51.78,1017.28,5.02,1,1,1,0.1
12201607262313,122016072607,238.00,26.55,51.50,26.55,51.78,1017.65,5.01,1,1,1,0.1
12201607262313,122016072608,3859.00,26.55,51.78,26.55,51.78,1017.86,5.02,1,1,1,0.1
12201607262314,122016072609,1499.00,23.99,59.40,23.99,59.40,1018.06,5.01,1,1,1,0.1
12201607262314,122016072610,2550.00,26.55,51.47,26.55,51.78,1017.83,5.02,1,1,1,0.1
12201607262314,122016072611,2385.00,26.55,51.60,26.55,51.78,1017.78,5.01,1,1,1,0.1
12201607262315,122016072612,2213.00,26.55,51.69,26.55,51.78,1017.52,5.02,1,1,1,0.1
12201607262315,122016072613,0.00,31.67,52.46,31.67,52.46,1024.07,5.04,1,1,1,0.1
12201607262315,122016072614,1.00,31.67,52.46,31.67,52.46,1021.05,5.04,1,1,1,0.1
12201607262316,122016072615,43200.00,31.67,39.31,31.67,43.97,1021.01,5.04,1,1,1,0.1
12201607262316,122016072616,17924.00,31.67,36.80,26.55,43.97,1020.73,5.04,1,1,1,0.1
12201607262317,122016072617,212.00,26.55,41.44,26.55,43.39,1020.62,5.01,1,1,1,0.1
12201607262317,122016072618,19.00,26.55,51.50,26.55,43.39,1019.50,5.03,1,1,1,0.1
12201607262317,122016072619,10.00,26.55,51.77,26.55,51.78,1019.17,5.02,1,1,1,0.1
12201607262318,122016072620,1.00,26.55,51.56,26.55,51.78,1019.12,5.02,1,1,1,0.1
12201607262318,122016072621,1.00,26.55,51.61,26.55,51.78,1019.21,5.01,1,1,1,0.1
12201607262318,122016072622,1.00,25.47,51.65,26.55,51.78,1019.06,5.02,1,1,1,0.1
12201607262319,122016072623,1.00,25.91,51.69,26.55,51.78,1018.79,5.02,1,1,1,0.1
12201607272310,122016072700,1.00,26.55,51.73,31.67,52.46,1018.34,5.00,1,1,1,0.1
12201607272311,122016072701,0.00,26.55,51.74,31.67,52.46,1017.91,5.00,1,1,1,0.1
12201607272311,122016072702,0.00,26.55,51.70,31.67,52.46,1017.56,5.01,1,1,1,0.1
12201607272312,122016072703,0.00,25.91,51.69,26.55,52.46,1016.92,5.00,1,1,1,0.1
12201607272312,122016072704,0.00,25.91,51.69,26.55,51.78,1016.41,5.00,1,1,1,0.1
12201607272312,122016072705,0.00,26.55,51.64,26.55,51.78,1015.74,5.00,1,1,1,1
12201607272313,122016072706,2.00,26.55,51.62,26.55,51.78,1015.44,5.00,1,1,1,0.1
12201607272313,122016072707,3.00,26.55,51.63,26.55,51.78,1014.94,5.01,1,1,1,0.1
12201607272313,122016072708,5.00,26.55,59.55,26.55,59.79,1014.91,5.00,1,1,1,1
12201607272314,122016072709,94.00,25.91,66.52,26.55,59.79,1014.82,5.01,1,1,1,0.1
12201607272314,122016072710,134.00,26.55,64.21,26.55,67.44,1014.79,5.01,1,1,1,1
12201607272314,122016072711,471.00,23.67,65.37,26.55,67.44,1014.83,5.01,1,1,1,0.1
12201607272315,122016072712,424.00,23.99,66.71,23.99,67.00,1014.82,5.01,1,1,1,0.1
12201607272315,122016072713,52.00,26.55,65.47,26.55,67.44,1014.85,5.01,1,1,1,0.1
12201607272316,122016072714,204.00,24.47,60.51,26.55,59.79,1014.90,5.01,1,1,1,0.1
12201607272316,122016072715,532.00,26.55,60.04,26.55,59.79,1014.54,5.01,1,1,1,1
12201607272316,122016072716,150.00,25.01,59.57,26.55,59.79,1014.25,5.01,1,1,1,1
12201607272317,122016072717,318.00,26.55,59.69,26.55,59.79,1014.09,5.01,1,1,1,1
12201607272317,122016072718,256.00,26.55,59.77,31.67,60.58,1013.74,5.01,1,1,1,0.1
12201607272317,122016072719,97.00,26.55,59.71,26.55,59.79,1013.91,5.01,1,1,1,0.1
12201607272318,122016072720,6.00,26.55,59.75,31.67,60.58,1014.02,5.01,1,1,1,0.1
12201607272318,122016072721,2.00,26.55,59.77,31.67,60.58,1014.23,5.01,1,1,1,0.1
12201607272319,122016072722,1.00,24.95,59.56,26.55,51.78,1014.53,5.01,1,1,1,0.1
12201607272319,122016072723,5.00,26.55,59.72,31.67,60.58,1015.12,5.01,1,1,1,0.1
12201607282310,122016072800,0.00,26.39,59.77,31.67,60.58,1015.12,5.01,1,1,1,1
12201607282311,122016072801,1.00,26.55,59.71,31.67,60.58,1015.05,5.01,1,1,1,1
12201607282311,122016072802,0.00,26.55,59.69,26.55,51.78,1015.02,5.01,1,1,1,0.1
12201607282311,122016072803,1.00,26.55,51.69,26.55,51.78,1015.02,5.01,1,1,1,0.1
12201607282312,122016072804,0.00,26.55,51.61,26.55,51.78,1015.01,5.01,1,1,1,0.1
12201607282312,122016072805,1.00,26.55,51.59,26.55,51.78,1014.96,5.01,1,1,1,0.1
12201607282312,122016072806,62.00,26.55,51.56,26.55,51.78,1014.84,5.01,1,1,1,0.1
12201607282313,122016072807,110.00,26.55,51.57,26.55,51.78,1014.95,5.01,1,1,1,0.1
12201607282313,122016072808,1230.00,23.99,51.43,23.99,51.44,1014.96,5.02,1,1,1,0.1
12201607282314,122016072809,75.00,26.55,51.51,26.55,43.39,1014.82,5.00,1,1,1,0.1
12201607282314,122016072810,26324.00,26.55,41.79,31.67,43.97,1014.95,5.01,1,1,1,1
12201607282314,122016072811,52001.00,31.67,36.45,31.67,35.11,1014.56,5.02,1,1,1,0.1
12201607282315,122016072812,32912.00,31.67,30.33,31.67,28.67,1014.19,5.02,1,1,1,0.1
12201607282315,122016072813,5208.00,31.67,68.33,31.67,34.55,1013.88,5.02,1,1,1,0.1
12201607282315,122016072814,3108.00,31.67,42.34,31.67,43.97,1013.41,5.02,1,1,1,0.1
12201607282316,122016072815,5840.00,25.91,51.69,31.67,43.97,1013.43,5.02,1,1,1,1
12201607282316,122016072816,2850.00,26.55,51.77,26.55,51.78,1013.12,5.02,1,1,1,1
12201607282317,122016072817,1089.00,23.35,59.30,26.55,59.79,1012.62,5.02,1,1,1,0.1
12201607282317,122016072818,2344.00,23.99,62.37,26.55,59.79,1012.20,5.02,1,1,1,1
12201607282317,122016072819,1084.00,23.99,65.87,23.99,67.00,1011.82,5.02,1,1,1,1
12201607282318,122016072820,297.00,21.91,65.19,23.99,67.00,1011.62,5.02,1,1,1,1
12201607282318,122016072821,27.00,23.99,68.35,23.99,67.00,1011.59,5.02,1,1,1,0.1
12201607282318,122016072822,0.00,23.99,71.25,23.99,67.00,1011.37,5.02,1,1,1,1
12201607282319,122016072823,1.00,23.99,68.38,23.99,74.22,1011.35,5.02,1,1,1,0.1
12201607292310,122016072900,1.00,23.99,69.33,23.99,74.22,1011.37,5.03,1,1,1,1
12201607292310,122016072901,1.00,23.99,68.62,23.99,74.22,1011.09,5.03,1,1,1,0.1
12201607292311,122016072902,1.00,21.43,77.23,23.99,74.22,1010.66,5.03,1,1,1,1
12201607292311,122016072903,1.00,21.43,72.96,21.43,73.73,1010.72,5.03,1,1,1,1
12201607292312,122016072904,1.00,21.43,79.24,21.43,80.54,1010.32,5.03,1,1,1,0.1
12201607292312,122016072905,6.00,21.43,78.87,21.43,80.54,1010.14,5.03,1,1,1,1
12201607292312,122016072906,428.00,21.43,74.49,21.43,80.54,1010.17,5.03,1,1,1,1
12201607292313,122016072907,539.00,21.43,79.71,21.43,80.54,1010.39,5.03,1,1,1,0.1
12201607292313,122016072908,996.00,21.43,72.96,21.43,80.54,1010.58,5.03,1,1,1,1
12201607292313,122016072909,35.00,21.43,75.52,21.43,80.54,1010.50,5.02,1,1,1,1
12201607292314,122016072910,3725.00,24.23,59.45,26.55,67.44,1010.47,5.01,1,1,1,0.1
12201607292314,122016072911,2108.00,26.55,59.57,26.55,59.79,1010.69,5.01,1,1,1,0.1
12201607292314,122016072912,3142.00,26.55,59.69,26.55,59.79,1010.49,5.02,1,1,1,0.1
12201607292315,122016072913,7984.00,31.67,60.58,31.67,60.58,1011.04,5.03,1,1,1,0.1
12201607292315,122016072914,65535.00,26.55,51.53,26.55,51.78,1010.79,5.02,1,1,1,1
12201607292315,122016072915,65535.00,23.99,93.15,23.99,81.09,1011.00,5.03,1,1,1,0.1
12201607292316,122016072916,22313.00,22.17,93.25,23.99,74.22,1010.88,5.03,1,1,1,0.1
12201607292316,122016072917,38925.00,23.91,93.12,23.99,81.09,1010.76,5.04,1,1,1,1
12201607292316,122016072918,61396.00,22.07,93.24,26.55,74.72,1010.68,5.03,1,1,1,1
12201607292317,122016072919,22366.00,23.99,114.01,23.99,81.09,1010.88,5.03,1,1,1,0.1
12201607292317,122016072920,12722.00,23.99,93.63,23.99,81.09,1010.95,5.03,1,1,1,1
12201607292317,122016072921,180.00,22.97,93.55,23.99,81.09,1011.33,5.03,1,1,1,0.1
12201607292318,122016072922,3.00,23.99,93.30,21.43,80.54,1011.91,5.03,1,1,1,0.1
12201607292318,122016072923,1.00,23.99,93.19,21.43,93.06,1012.26,5.03,1,1,1,0.1
12201607302310,122016073000,2.00,21.43,93.06,21.43,80.54,1012.43,5.03,1,1,1,1
12201607302310,122016073001,1.00,21.43,93.06,21.43,80.54,1012.42,5.03,1,1,1,1
12201607302311,122016073002,2.00,21.43,93.06,21.43,80.54,1012.41,5.03,1,1,1,0.1
12201607302311,122016073003,2.00,21.43,93.06,21.43,80.54,1012.64,5.04,1,1,1,1
12201607302311,122016073004,1.00,21.43,93.33,21.43,93.06,1012.51,5.03,1,1,1,0.1
12201607302312,122016073005,255.00,21.43,93.79,21.43,93.06,1012.74,5.03,1,1,1,1
12201607302312,122016073006,16522.00,21.43,94.15,21.43,93.06,1012.72,5.03,1,1,1,0.1
12201607302313,122016073007,10844.00,21.43,93.79,21.43,93.06,1013.19,5.04,1,1,1,0.1
12201607302313,122016073008,23186.00,21.43,93.61,21.43,93.06,1013.32,5.03,1,1,1,0.1
12201607302313,122016073009,54567.00,21.43,93.33,21.43,93.06,1013.56,5.03,1,1,1,0.1
12201607302314,122016073010,65535.00,21.43,93.06,21.43,80.46,1013.78,5.03,1,1,1,1
12201607302314,122016073011,65535.00,23.99,93.07,21.93,80.65,1014.04,5.03,1,1,1,0.1
12201607302314,122016073012,65535.00,22.55,93.34,22.39,73.84,1014.02,5.03,1,1,1,0.1
12201607302315,122016073013,65535.00,23.91,93.71,25.91,67.33,1013.87,5.03,1,1,1,0.1
12201607302315,122016073014,65535.00,23.99,93.25,26.53,59.79,1013.77,5.03,1,1,1,0.1
12201607302315,122016073015,65535.00,23.99,93.38,24.59,59.49,1013.73,5.04,1,1,1,0.1
12201607302316,122016073016,65535.00,23.99,114.34,26.55,51.71,1013.57,5.03,1,1,1,0.1
12201607302316,122016073017,35766.00,23.99,93.15,23.99,67.00,1013.81,5.03,1,1,1,1
12201607302317,122016073018,64757.00,23.83,93.67,23.99,67.00,1013.81,5.03,1,1,1,0.1
12201607302317,122016073019,38899.00,23.99,93.67,23.99,59.40,1013.66,5.04,1,1,1,0.1
12201607302317,122016073020,12516.00,23.99,93.55,23.99,59.40,1013.90,5.03,1,1,1,0.1
12201607302318,122016073021,587.00,23.99,93.23,21.43,66.55,1014.42,5.03,1,1,1,1
12201607302318,122016073022,1.00,21.43,93.88,21.43,66.55,1014.82,5.03,1,1,1,1
12201607302318,122016073023,1.00,21.43,94.74,21.43,73.73,1014.91,5.03,1,1,1,1
12201607312310,122016073100,1.00,21.43,95.24,21.43,73.07,1015.12,5.02,1,1,1,0.1
12201607312311,122016073101,1.00,21.43,95.24,21.43,66.15,1015.58,5.02,1,1,1,0.1
12201607312311,122016073102,0.00,21.43,95.37,21.43,73.02,1015.59,5.02,1,1,1,1
12201607312312,122016073103,0.00,21.43,95.69,21.43,73.51,1015.43,5.02,1,1,1,0.1
12201607312312,122016073104,1.00,21.43,96.13,21.43,73.34,1015.70,5.02,1,1,1,1
12201607312312,122016073105,100.00,21.43,96.36,21.43,73.29,1015.82,5.02,1,1,1,1
12201607312313,122016073106,2915.00,21.43,96.49,21.43,69.28,1016.03,5.02,1,1,1,1
12201607312313,122016073107,20902.00,21.43,96.31,21.43,69.28,1016.60,5.02,1,1,1,1
12201607312313,122016073108,65535.00,21.43,95.24,21.43,63.24,1016.98,5.02,1,1,1,0.1
12201607312314,122016073109,65535.00,21.43,93.88,21.43,66.15,1017.19,5.02,1,1,1,1
12201607312314,122016073110,65535.00,23.99,113.70,23.35,59.30,1017.21,5.02,1,1,1,1
12201607312314,122016073111,65535.00,23.99,93.63,26.23,59.75,1017.21,5.02,1,1,1,0.1
12201607312315,122016073112,65535.00,23.99,93.40,25.11,51.58,1017.28,5.03,1,1,1,1
12201607312315,122016073113,65535.00,26.55,93.77,26.29,51.75,1017.29,5.00,1,1,1,1
12201607312315,122016073114,65535.00,23.99,93.55,25.27,51.61,1017.44,5.02,1,1,1,1
12201607312316,122016073115,65535.00,23.75,93.67,25.97,51.71,1017.61,5.02,1,1,1,1
12201607312316,122016073116,65535.00,23.99,93.67,26.29,42.83,1017.62,5.03,1,1,1,1
12201607312316,122016073117,54083.00,23.67,93.63,25.91,51.69,1017.53,5.02,1,1,1,1
12201607312317,122016073118,28451.00,22.55,93.34,23.99,59.40,1017.70,5.00,1,1,1,0.1
12201607312317,122016073119,65535.00,23.99,93.36,24.73,51.54,1017.64,5.02,1,1,1,0.1
12201607312317,122016073120,11189.00,23.99,93.20,23.99,59.40,1017.75,5.03,1,1,1,0.1
12201607312318,122016073121,459.00,23.99,93.63,23.99,59.40,1017.94,5.02,1,1,1,1
12201607312318,122016073122,1.00,23.99,93.38,21.43,66.55,1018.41,5.02,1,1,1,0.1
12201607312318,122016073123,1.00,23.99,93.18,21.43,66.55,1018.54,5.02,1,1,1,0.1
12201608012311,122016080100,1.00,21.53,93.19,21.43,66.55,1018.90,5.02,1,1,1,1
12201608012311,122016080101,1.00,21.43,93.74,21.43,66.55,1019.12,5.03,1,1,1,0.1
12201608012311,122016080102,1.00,21.43,94.61,21.43,60.45,1019.29,5.02,1,1,1,0.1
12201608012312,122016080103,1.00,21.43,95.24,21.43,66.90,1019.35,5.02,1,1,1,0.1
12201608012312,122016080104,1.00,21.43,95.78,21.43,70.35,1019.32,5.02,1,1,1,0.1
12201608012312,122016080105,102.00,21.43,96.31,21.43,73.51,1019.32,5.02,1,1,1,0.1
12201608012313,122016080106,11012.00,21.43,97.37,21.43,68.61,1019.42,5.02,1,1,1,0.1
12201608012313,122016080107,19415.00,21.43,96.40,21.43,67.07,1019.62,5.02,1,1,1,1
12201608012313,122016080108,48134.00,21.43,95.78,21.43,69.28,1019.62,5.02,1,1,1,1
12201608012314,122016080109,65535.00,21.43,94.52,21.43,65.69,1019.75,5.02,1,1,1,0.1
12201608012314,122016080110,65535.00,21.43,93.61,21.43,60.45,1020.14,5.02,1,1,1,0.1
12201608012314,122016080111,65535.00,21.43,93.06,21.43,62.06,1020.24,5.02,1,1,1,0.1
12201608012315,122016080112,65535.00,23.99,93.18,23.73,59.37,1019.99,5.02,1,1,1,0.1
12201608012315,122016080113,65535.00,23.99,93.36,21.91,59.08,1019.62,5.03,1,1,1,1
12201608012316,122016080114,65535.00,22.77,93.41,23.75,59.37,1019.51,5.02,1,1,1,0.1
12201608012316,122016080115,59416.00,22.39,93.30,21.43,64.70,1019.40,5.02,1,1,1,0.1
12201608012316,122016080116,56529.00,23.99,93.13,21.43,69.74,1019.07,5.02,1,1,1,1
12201608012317,122016080117,65535.00,21.43,93.07,21.43,71.97,1018.53,5.02,1,1,1,0.1
12201608012317,122016080118,26312.00,21.43,93.06,21.43,68.21,1018.13,5.02,1,1,1,0.1
12201608012317,122016080119,5883.00,21.43,94.15,21.43,72.08,1017.68,5.03,1,1,1,0.1
12201608012318,122016080120,3709.00,21.43,95.24,21.43,79.71,1017.09,5.02,1,1,1,0.1
12201608012318,122016080121,66.00,21.43,95.69,21.43,93.06,1016.41,5.02,1,1,1,0.1
12201608012318,122016080122,2.00,21.43,95.82,21.43,93.06,1015.76,5.02,1,1,1,0.1
12201608012319,122016080123,2.00,21.43,96.09,21.43,93.06,1014.82,5.02,1,1,1,1
12201608022311,122016080200,2.00,21.43,96.27,21.43,93.06,1013.76,5.02,1,1,1,0.1
12201608022311,122016080201,2.00,21.43,96.40,21.43,93.06,1012.40,5.02,1,1,1,0.1
12201608022311,122016080202,2.00,21.43,96.40,21.43,93.06,1011.48,5.02,1,1,1,0.1
12201608022312,122016080203,1.00,21.43,96.22,21.43,93.06,1010.50,5.02,1,1,1,1
12201608022312,122016080204,1.00,21.43,95.69,21.43,93.06,1010.15,5.02,1,1,1,0.1
12201608022312,122016080205,20.00,21.43,95.33,21.43,93.06,1009.73,5.02,1,1,1,0.1
12201608022313,122016080206,2000.00,21.43,95.24,21.43,93.06,1009.62,5.02,1,1,1,0.1
12201608022313,122016080207,7046.00,21.43,94.61,21.43,93.06,1009.73,5.02,1,1,1,1
12201608022313,122016080208,24460.00,21.43,93.97,21.43,93.06,1009.85,5.02,1,1,1,1
12201608022314,122016080209,32140.00,21.43,93.06,21.43,93.06,1009.90,5.02,1,1,1,0.1
12201608022314,122016080210,32511.00,21.43,93.06,21.43,93.06,1010.02,5.02,1,1,1,1
12201608022314,122016080211,46561.00,21.43,93.06,21.91,93.20,1010.13,5.01,1,1,1,1
12201608022315,122016080212,54030.00,23.99,93.20,23.35,93.55,1010.15,5.02,1,1,1,0.1
12201608022315,122016080213,33472.00,22.43,93.32,22.19,93.26,1010.37,5.02,1,1,1,0.1
12201608022315,122016080214,40626.00,23.99,93.46,23.95,93.70,1010.17,5.02,1,1,1,0.1
12201608022316,122016080215,33381.00,23.99,93.67,22.85,93.43,1010.25,5.02,1,1,1,0.1
12201608022316,122016080216,32419.00,23.99,93.14,22.89,80.43,1010.32,5.02,1,1,1,0.1
12201608022317,122016080217,16085.00,23.83,93.71,21.91,93.18,1010.21,5.01,1,1,1,0.1
12201608022317,122016080218,37651.00,21.57,93.11,22.23,93.30,1010.13,5.01,1,1,1,0.1
12201608022317,122016080219,7522.00,21.91,93.18,22.09,93.23,1009.85,5.00,1,1,1,0.1
12201608022318,122016080220,6185.00,23.99,93.69,23.35,93.55,1010.11,5.02,1,1,1,0.1
12201608022318,122016080221,51.00,23.99,93.63,22.39,93.31,1010.24,5.00,1,1,1,0.1
12201608022318,122016080222,2.00,23.99,93.55,21.63,93.12,1010.21,5.02,1,1,1,0.1
12201608022319,122016080223,2.00,22.95,93.46,21.43,93.06,1010.03,5.02,1,1,1,0.1
12201608032310,122016080300,2.00,23.99,93.40,21.43,93.06,1010.03,5.02,1,1,1,0.1
12201608032311,122016080301,1.00,23.99,93.36,21.43,93.06,1009.32,5.03,1,1,1,1
12201608032311,122016080302,2.00,23.99,93.34,21.43,93.06,1009.20,5.02,1,1,1,0.1
12201608032311,122016080303,2.00,23.99,93.30,21.43,93.06,1008.58,5.02,1,1,1,1
12201608032312,122016080304,1.00,23.99,93.30,21.43,93.06,1008.29,5.02,1,1,1,0.1
12201608032312,122016080305,6.00,22.17,93.26,21.43,93.06,1008.04,5.03,1,1,1,1
12201608032313,122016080306,3222.00,23.99,93.30,21.43,93.06,1007.84,5.02,1,1,1,0.1
12201608032313,122016080307,11177.00,23.99,93.30,21.43,93.06,1007.84,5.02,1,1,1,0.1
12201608032313,122016080308,60921.00,23.99,93.30,21.43,77.39,1008.24,5.02,1,1,1,1
12201608032314,122016080309,65535.00,23.99,93.43,22.91,68.43,1008.55,5.02,1,1,1,0.1
12201608032314,122016080310,65535.00,23.99,93.55,23.83,67.26,1008.47,5.02,1,1,1,1
12201608032314,122016080311,65535.00,23.99,93.11,23.97,67.05,1008.47,5.03,1,1,1,0.1
12201608032315,122016080312,65535.00,23.99,93.30,25.03,65.38,1008.12,5.02,1,1,1,1
12201608032315,122016080313,65535.00,23.99,93.56,26.47,59.79,1007.99,5.02,1,1,1,1
12201608032315,122016080314,65535.00,26.55,93.96,31.67,60.58,1007.51,5.02,1,1,1,1
12201608032316,122016080315,65535.00,26.55,93.88,31.67,52.46,1007.41,5.02,1,1,1,0.1
12201608032316,122016080316,65535.00,26.39,94.34,26.39,59.77,1006.91,5.02,1,1,1,0.1
12201608032316,122016080317,42500.00,26.55,94.35,31.67,60.58,1006.53,5.02,1,1,1,0.1
12201608032317,122016080318,65535.00,25.55,94.11,25.97,59.71,1006.38,5.02,1,1,1,0.1
12201608032317,122016080319,27150.00,24.13,93.76,22.55,61.58,1006.71,5.02,1,1,1,0.1
12201608032318,122016080320,7165.00,23.99,93.37,22.83,66.01,1006.93,5.02,1,1,1,0.1
12201608032318,122016080321,291.00,23.99,93.71,21.43,73.07,1007.58,5.02,1,1,1,0.1
12201608032318,122016080322,0.00,23.99,93.39,21.43,68.55,1007.69,5.02,1,1,1,0.1
12201608032319,122016080323,1.00,23.99,93.83,21.43,73.29,1007.87,5.02,1,1,1,0.1
12201608042311,122016080400,1.00,21.43,94.15,21.43,76.32,1008.11,5.02,1,1,1,0.1
12201608042311,122016080401,1.00,21.43,94.61,21.43,75.14,1008.17,5.02,1,1,1,0.1
12201608042311,122016080402,1.00,21.43,95.24,21.43,75.79,1007.82,5.02,1,1,1,0.1
12201608042312,122016080403,1.00,21.43,95.24,21.43,73.29,1007.79,5.02,1,1,1,0.1
12201608042312,122016080404,1.00,21.43,95.33,21.43,77.07,1007.76,5.02,1,1,1,0.1
12201608042312,122016080405,75.00,21.43,95.42,21.43,76.32,1007.98,5.02,1,1,1,0.1
12201608042313,122016080406,5430.00,21.43,95.69,21.43,75.09,1008.20,5.02,1,1,1,0.1
12201608042313,122016080407,20062.00,21.43,95.33,21.43,75.09,1008.51,5.02,1,1,1,0.1
12201608042313,122016080408,39060.00,21.43,94.70,21.43,69.96,1008.71,5.02,1,1,1,0.1
12201608042314,122016080409,65535.00,21.43,93.61,21.43,71.97,1008.95,5.02,1,1,1,0.1
12201608042314,122016080410,65535.00,21.43,93.06,21.43,71.08,1009.23,5.02,1,1,1,0.1
12201608042315,122016080411,65535.00,23.99,93.22,22.15,65.76,1009.05,5.02,1,1,1,0.1
12201608042315,122016080412,65535.00,23.99,93.18,26.53,59.79,1009.16,5.02,1,1,1,0.1
12201608042315,122016080413,65535.00,23.99,93.34,24.15,59.42,1009.25,5.01,1,1,1,0.1
12201608042316,122016080414,65535.00,22.55,93.37,24.75,59.52,1009.38,5.02,1,1,1,0.1
12201608042316,122016080415,65535.00,23.35,93.55,25.91,59.69,1009.59,5.02,1,1,1,0.1
12201608042316,122016080416,65535.00,23.99,93.71,25.13,51.60,1009.75,5.02,1,1,1,0.1
12201608042317,122016080417,65535.00,23.99,93.68,25.33,51.62,1009.79,5.02,1,1,1,0.1
12201608042317,122016080418,65535.00,26.55,93.96,26.25,51.75,1010.48,5.02,1,1,1,0.1
12201608042317,122016080419,30683.00,23.99,93.63,23.35,59.30,1011.36,5.02,1,1,1,0.1
12201608042318,122016080420,6576.00,23.99,93.18,22.81,59.22,1012.21,5.02,1,1,1,0.1
12201608042318,122016080421,218.00,23.99,93.58,21.43,60.45,1012.93,5.02,1,1,1,0.1
12201608042319,122016080422,1.00,23.99,93.36,21.43,66.44,1013.59,5.02,1,1,1,0.1
12201608042319,122016080423,1.00,21.75,93.16,21.43,64.70,1014.16,5.02,1,1,1,0.1
12201608052310,122016080500,0.00,21.43,93.24,21.43,68.15,1014.65,5.02,1,1,1,0.1
12201608052311,122016080501,1.00,21.43,93.97,21.43,71.97,1015.00,5.02,1,1,1,0.1
12201608052311,122016080502,0.00,21.43,94.56,21.43,76.32,1015.31,5.02,1,1,1,0.1
12201608052311,122016080503,0.00,21.43,95.24,21.43,78.87,1015.95,5.02,1,1,1,1
12201608052312,122016080504,0.00,21.43,95.42,21.43,74.49,1016.50,5.02,1,1,1,0.1
12201608052312,122016080505,63.00,21.43,95.78,21.43,77.18,1017.10,5.02,1,1,1,0.1
12201608052313,122016080506,5362.00,21.43,96.09,21.43,77.50,1017.69,5.02,1,1,1,0.1
12201608052313,122016080507,41087.00,21.43,95.69,21.43,76.32,1018.05,5.02,1,1,1,0.1
12201608052313,122016080508,65535.00,21.43,93.88,21.43,72.30,1018.86,5.02,1,1,1,1
12201608052314,122016080509,65535.00,21.43,113.69,21.43,69.28,1019.54,5.02,1,1,1,0.1
12201608052314,122016080510,65535.00,21.93,93.20,22.55,62.53,1019.92,5.02,1,1,1,0.1
12201608052314,122016080511,65535.00,21.67,93.12,26.23,59.74,1020.23,5.02,1,1,1,0.1
12201608052315,122016080512,65535.00,23.99,93.58,25.91,51.69,1020.51,5.02,1,1,1,1
12201608052315,122016080513,65535.00,24.55,93.86,31.67,52.46,1020.65,5.02,1,1,1,1
12201608052315,122016080514,65535.00,26.55,93.83,31.67,39.03,1020.82,5.02,1,1,1,1
12201608052316,122016080515,65535.00,26.55,94.09,31.67,41.79,1020.76,5.02,1,1,1,1
12201608052316,122016080516,65535.00,25.93,94.22,31.67,42.88,1020.64,5.03,1,1,1,1
12201608052316,122016080517,64703.00,26.55,94.02,31.67,52.46,1020.88,5.02,1,1,1,0.1
12201608052317,122016080518,52939.00,26.55,94.32,24.95,51.56,1020.92,5.03,1,1,1,1
12201608052317,122016080519,31504.00,26.55,94.28,25.91,51.69,1021.04,5.02,1,1,1,1
12201608052317,122016080520,13908.00,26.55,93.96,24.47,59.49,1021.59,5.02,1,1,1,0.1
12201608052318,122016080521,203.00,23.99,93.67,22.67,64.89,1022.28,5.02,1,1,1,1
12201608052318,122016080522,1.00,23.99,93.41,23.35,62.19,1022.88,5.00,1,1,1,0.1
12201608052318,122016080523,1.00,23.99,93.13,21.43,64.87,1023.22,5.02,1,1,1,1
12201608062310,122016080600,0.00,23.99,93.42,21.43,63.30,1023.57,5.04,1,1,1,1
12201608062310,122016080601,1.00,21.43,93.15,21.43,66.32,1023.94,5.03,1,1,1,0.1
12201608062311,122016080602,0.00,21.43,94.15,21.43,70.24,1024.13,5.03,1,1,1,1
12201608062311,122016080603,1.00,21.43,94.79,21.43,68.44,1024.30,5.03,1,1,1,0.1
12201608062312,122016080604,0.00,21.43,95.37,21.43,70.97,1024.56,5.03,1,1,1,0.1
12201608062312,122016080605,29.00,21.43,95.78,21.43,75.03,1024.97,5.03,1,1,1,0.1
12201608062312,122016080606,3551.00,21.43,96.13,21.43,78.87,1025.40,5.03,1,1,1,0.1
12201608062313,122016080607,28241.00,21.43,95.96,21.43,78.87,1026.05,5.03,1,1,1,0.1
12201608062313,122016080608,60259.00,21.43,93.93,21.43,70.86,1026.42,5.03,1,1,1,0.1
12201608062313,122016080609,65535.00,21.43,93.06,22.13,63.89,1027.04,5.03,1,1,1,0.1
12201608062314,122016080610,65535.00,23.99,93.42,24.95,59.55,1027.04,5.04,1,1,1,0.1
12201608062314,122016080611,58131.00,23.99,93.37,25.91,59.69,1027.32,5.04,1,1,1,0.1
12201608062314,122016080612,65535.00,26.55,93.90,31.67,52.46,1027.52,5.03,1,1,1,0.1
12201608062315,122016080613,65535.00,26.55,94.24,31.67,52.46,1027.58,5.04,1,1,1,0.1
12201608062315,122016080614,45620.00,31.67,95.67,31.67,39.03,1027.46,5.04,1,1,1,0.1
12201608062316,122016080615,65535.00,31.67,95.67,31.67,39.66,1027.51,5.03,1,1,1,0.1
12201608062316,122016080616,65535.00,31.67,95.67,31.67,41.79,1027.07,5.03,1,1,1,0.1
12201608062316,122016080617,65535.00,31.67,95.67,31.67,39.31,1026.98,5.03,1,1,1,0.1
12201608062317,122016080618,65535.00,31.67,95.67,31.67,43.09,1026.82,5.04,1,1,1,0.1
12201608062317,122016080619,65535.00,31.67,95.67,31.67,52.46,1026.72,5.03,1,1,1,0.1
12201608062317,122016080620,5655.00,24.47,93.85,25.91,59.69,1026.98,5.03,1,1,1,0.1
12201608062318,122016080621,159.00,26.55,94.05,22.97,59.40,1027.57,5.03,1,1,1,0.1
12201608062318,122016080622,0.00,23.71,93.64,23.35,62.19,1027.46,5.03,1,1,1,0.1
12201608062318,122016080623,1.00,23.99,93.30,21.43,64.93,1027.17,5.04,1,1,1,0.1
12201608072310,122016080700,1.00,21.79,93.18,21.43,69.74,1027.33,5.02,1,1,1,1
12201608072310,122016080701,1.00,23.99,93.67,21.43,72.19,1026.63,5.02,1,1,1,0.1
12201608072311,122016080702,0.00,23.99,93.55,21.43,75.30,1025.99,5.03,1,1,1,1
12201608072311,122016080703,1.00,23.99,93.55,21.43,72.85,1025.59,5.02,1,1,1,0.1
12201608072311,122016080704,1.00,23.99,93.55,21.43,73.84,1025.23,5.02,1,1,1,1
12201608072312,122016080705,12.00,23.99,93.55,21.43,75.79,1025.02,5.02,1,1,1,0.1
12201608072312,122016080706,2053.00,23.99,93.55,21.43,78.87,1024.94,5.02,1,1,1,1
12201608072313,122016080707,7109.00,23.67,93.63,21.79,79.26,1024.90,5.02,1,1,1,0.1
12201608072313,122016080708,32116.00,23.99,93.67,22.77,79.24,1024.88,5.02,1,1,1,1
12201608072313,122016080709,41148.00,23.99,93.30,22.55,74.25,1024.76,5.02,1,1,1,1
12201608072314,122016080710,64187.00,23.67,93.63,25.41,74.39,1024.63,5.00,1,1,1,0.1
12201608072314,122016080711,65535.00,26.55,94.36,31.67,65.10,1024.33,5.00,1,1,1,0.1
12201608072314,122016080712,65535.00,31.67,95.67,31.67,52.46,1023.78,5.00,1,1,1,0.1
12201608072315,122016080713,65535.00,31.67,107.14,31.67,52.46,1022.91,5.00,1,1,1,0.1
12201608072315,122016080714,65535.00,31.67,95.67,31.67,52.46,1022.68,5.00,1,1,1,0.1
12201608072315,122016080715,65535.00,31.67,95.67,31.67,41.93,1022.38,4.97,1,1,1,0.1
12201608072316,122016080716,65535.00,31.67,95.67,33.91,30.93,1021.81,5.00,1,1,1,1
12201608072316,122016080717,65535.00,31.67,95.67,31.67,42.20,1021.21,5.02,1,1,1,0.1
12201608072316,122016080718,65535.00,31.67,95.67,31.67,41.79,1021.04,5.02,1,1,1,0.1
12201608072317,122016080719,65535.00,31.67,95.67,25.99,41.19,1020.69,5.02,1,1,1,0.1
12201608072317,122016080720,8434.00,26.55,94.32,23.99,51.44,1020.54,5.02,1,1,1,1
12201608072317,122016080721,122.00,24.17,93.76,23.99,59.40,1021.02,5.02,1,1,1,0.1
12201608072318,122016080722,1.00,23.99,93.32,21.43,59.01,1021.15,5.02,1,1,1,1
12201608072318,122016080723,1.00,23.99,93.65,21.43,59.73,1021.07,5.02,1,1,1,0.1
12201608162310,,,,,,,,,1,1,1,
12201608162310,,,,,,,,,1,1,1,
12201608162310,,,,,,,,,1,1,1,
12201608162310,,,,,,,,,1,1,1,
12201608162310,,,,,,,,,1,1,1,
12201608162310,,,,,,,,,1,1,1,
12201608162310,,,,,,,,,1,1,1,
12201608162310,,,,,,,,,1,1,1,
12201608162310,,,,,,,,,1,1,1,
12201608162310,,,,,,,,,1,1,1,
12201608162310,,,,,,,,,1,1,1,
12201608162310,,,,,,,,,1,1,1,
12201608162310,,,,,,,,,1,1,1,
12201608162310,,,,,,,,,1,1,1,
12201608162310,,,,,,,,,1,1,1,
12201608162310,122016081615,65535.00,31.67,43.97,31.67,43.97,1018.29,5.03,1,1,1,0.1
12201608162311,122016081616,65535.00,26.55,74.72,26.55,51.78,1018.42,5.03,1,1,1,0.1
12201608162311,122016081617,65535.00,26.55,74.72,31.67,52.46,1018.17,5.03,1,1,1,0.1
12201608162311,122016081618,65535.00,26.55,74.72,26.55,59.79,1017.80,5.03,1,1,1,0.1
12201608162312,122016081619,65535.00,23.99,74.22,23.99,59.40,1017.62,5.03,1,1,1,0.1
12201608162312,122016081620,12078.00,23.99,81.09,21.43,59.01,1017.57,5.02,1,1,1,0.1
12201608162312,122016081621,9.00,21.43,80.54,21.43,66.55,1017.53,5.02,1,1,1,1
12201608162313,122016081622,1.00,21.43,80.54,21.43,73.73,1017.65,5.02,1,1,1,1
12201608162313,122016081623,1.00,21.43,80.54,21.43,73.73,1017.50,5.02,1,1,1,1
12201608172311,122016081700,1.00,21.43,93.06,21.43,73.73,1017.47,5.01,1,1,1,0.1
12201608172311,122016081701,1.00,21.43,93.06,21.43,80.54,1017.12,5.01,1,1,1,1
12201608172311,122016081702,1.00,21.43,93.06,21.43,80.54,1016.61,5.01,1,1,1,1
12201608172312,122016081703,0.00,21.43,93.06,21.43,80.54,1016.16,5.01,1,1,1,0.1
12201608172312,122016081704,0.00,21.43,93.06,21.43,80.54,1015.64,5.01,1,1,1,0.1
12201608172312,122016081705,4.00,21.43,93.06,21.43,80.54,1015.25,5.01,1,1,1,0.1
12201608172313,122016081706,5510.00,21.43,93.06,21.43,93.06,1014.89,5.01,1,1,1,0.1
12201608172313,122016081707,43286.00,21.43,93.06,21.43,93.06,1014.78,5.01,1,1,1,0.1
12201608172313,122016081708,65535.00,21.43,93.06,21.43,80.54,1014.61,5.01,1,1,1,0.1
12201608172314,122016081709,65535.00,21.43,93.06,21.43,73.73,1014.43,5.01,1,1,1,0.1
12201608172314,122016081710,65535.00,23.99,81.09,26.55,67.44,1014.57,5.02,1,1,1,0.1
12201608172315,122016081711,65535.00,26.55,81.64,31.67,60.58,1014.29,5.03,1,1,1,1
12201608172315,122016081712,65535.00,26.55,74.72,31.67,52.46,1013.87,5.03,1,1,1,0.1
12201608172315,122016081713,65535.00,39.35,61.75,36.79,35.58,1013.30,5.03,1,1,1,0.1
12201608172316,122016081714,65535.00,39.35,53.48,34.23,44.26,1013.06,5.04,1,1,1,0.1
12201608172316,122016081715,65535.00,31.67,60.58,31.67,35.11,1012.62,5.03,1,1,1,0.1
12201608172316,122016081716,65535.00,31.67,60.58,31.67,43.97,1012.16,5.04,1,1,1,0.1
12201608172317,122016081717,65535.00,31.67,60.58,31.67,43.97,1011.96,5.03,1,1,1,1
12201608172317,122016081718,65535.00,23.99,93.71,23.99,74.22,1011.86,5.03,1,1,1,0.1
12201608172317,122016081719,65535.00,23.99,93.71,23.99,67.00,1011.81,5.03,1,1,1,1
12201608172318,122016081720,2925.00,23.99,93.71,23.99,74.22,1011.95,5.03,1,1,1,1
12201608172318,122016081721,5.00,21.43,93.06,21.43,73.73,1012.20,5.03,1,1,1,1
12201608172318,122016081722,1.00,21.43,93.06,21.43,73.73,1012.14,5.02,1,1,1,0.1
12201608172319,122016081723,1.00,21.43,93.06,21.43,80.54,1012.19,5.02,1,1,1,0.1
12201608182310,122016081800,1.00,21.43,93.06,21.43,80.54,1011.76,5.01,1,1,1,1
12201608182310,122016081801,1.00,21.43,93.06,21.43,80.54,1011.32,5.01,1,1,1,0.1
12201608182311,122016081802,1.00,21.43,98.76,21.43,93.06,1010.72,5.01,1,1,1,0.1
12201608182311,122016081803,1.00,21.43,98.76,21.43,93.06,1010.57,5.01,1,1,1,0.1
12201608182312,122016081804,1.00,21.43,98.76,21.43,93.06,1010.94,5.01,1,1,1,0.1
12201608182312,122016081805,4.00,21.43,98.76,21.43,93.06,1010.84,5.01,1,1,1,0.1
12201608182312,122016081806,2610.00,21.43,98.76,21.43,93.06,1010.55,5.01,1,1,1,0.1
12201608182313,122016081807,23500.00,21.43,98.76,21.43,93.06,1010.23,5.01,1,1,1,0.1
12201608182313,122016081808,65535.00,21.43,93.06,21.43,80.54,1010.33,4.94,1,1,1,0.1
12201608182313,122016081809,65535.00,21.43,93.06,21.43,80.54,1010.39,5.02,1,1,1,0.1
12201608182314,122016081810,65535.00,23.99,93.71,26.55,74.72,1010.36,5.02,1,1,1,0.1
12201608182314,122016081811,65535.00,23.99,93.71,26.55,67.44,1010.70,5.02,1,1,1,0.1
12201608182314,122016081812,65535.00,23.99,93.71,26.55,67.44,1010.32,5.02,1,1,1,0.1
12201608182315,122016081813,65535.00,26.23,94.36,31.67,52.46,1010.42,5.02,1,1,1,0.1
12201608182315,122016081814,65535.00,31.67,95.67,31.67,52.46,1010.46,5.02,1,1,1,0.1
12201608182316,122016081815,65535.00,25.53,94.12,31.67,43.97,1010.26,5.02,1,1,1,0.1
12201608182316,122016081816,65535.00,26.55,94.36,31.67,52.46,1009.96,5.02,1,1,1,0.1
12201608182316,122016081817,65535.00,26.55,81.64,26.55,51.78,1010.15,5.02,1,1,1,0.1
12201608182317,122016081818,65535.00,26.55,94.36,26.55,51.78,1010.39,5.01,1,1,1,0.1
12201608182317,122016081819,65535.00,26.55,94.36,26.55,51.78,1010.51,4.99,1,1,1,0.1
12201608182317,122016081820,6510.00,23.99,93.71,23.99,59.40,1010.59,5.03,1,1,1,0.1
12201608182318,122016081821,4.00,21.43,93.06,21.43,73.73,1010.84,5.02,1,1,1,1
12201608182318,122016081822,1.00,21.43,93.06,21.43,80.54,1011.03,5.02,1,1,1,0.1
12201608182318,122016081823,1.00,21.43,93.06,21.43,80.54,1010.71,5.02,1,1,1,0.1
12201608192310,122016081900,2.00,21.43,93.06,21.43,80.54,1010.90,5.01,1,1,1,0.1
12201608192311,122016081901,2.00,21.43,93.06,21.43,80.54,1010.34,4.99,1,1,1,0.1
12201608192311,122016081902,3.00,21.43,93.06,21.43,80.54,1010.15,5.01,1,1,1,0.1
12201608192312,122016081903,2.00,21.43,93.06,21.43,80.54,1009.63,5.01,1,1,1,0.1
12201608192312,122016081904,2.00,21.43,93.06,21.43,80.54,1009.01,5.01,1,1,1,0.1
12201608192312,122016081905,3.00,21.43,93.06,21.43,80.54,1008.37,5.01,1,1,1,0.1
12201608192313,122016081906,3270.00,21.43,93.06,21.43,80.54,1008.22,5.01,1,1,1,0.1
12201608192313,122016081907,11945.00,21.43,93.06,21.43,80.54,1007.98,5.01,1,1,1,0.1
12201608192313,122016081908,32495.00,21.43,93.06,21.43,80.54,1007.79,5.01,1,1,1,0.1
12201608192314,122016081909,64517.00,21.43,93.06,21.43,93.06,1007.41,5.01,1,1,1,0.1
12201608192314,122016081910,65535.00,21.43,93.06,21.43,80.54,1007.19,5.01,1,1,1,0.1
12201608192315,122016081911,65535.00,23.99,93.71,23.99,81.09,1007.00,5.01,1,1,1,0.1
12201608192315,122016081912,65535.00,23.99,93.71,23.99,81.09,1006.60,5.01,1,1,1,0.1
12201608192315,122016081913,38914.00,21.43,93.06,21.43,93.06,1006.26,5.01,1,1,1,0.1
12201608192316,122016081914,28564.00,21.43,93.06,21.43,93.06,1006.12,5.01,1,1,1,0.1
12201608192316,122016081915,65535.00,23.99,93.71,23.99,74.22,1005.73,5.01,1,1,1,0.1
12201608192316,122016081916,57340.00,21.43,93.06,21.43,73.73,1005.77,5.01,1,1,1,0.1
12201608192317,122016081917,42777.00,21.43,93.06,21.43,93.06,1005.53,5.01,1,1,1,0.1
12201608192317,122016081918,65535.00,21.43,93.06,21.43,93.06,1005.18,5.01,1,1,1,1
12201608192317,122016081919,65535.00,21.43,93.06,21.43,80.54,1005.07,5.01,1,1,1,0.1
12201608192318,122016081920,6182.00,21.43,93.06,21.43,80.54,1005.47,5.01,1,1,1,0.1
12201608192318,122016081921,4.00,21.43,93.06,21.43,93.06,1005.93,5.01,1,1,1,0.1
12201608192318,122016081922,0.00,21.43,93.06,21.43,93.06,1006.12,5.01,1,1,1,0.1
12201608192319,122016081923,1.00,21.43,93.06,21.43,93.06,1006.33,5.01,1,1,1,0.1
12201608202310,122016082000,1.00,21.43,93.06,21.43,80.54,1006.27,5.01,1,1,1,0.1
12201608202311,122016082001,1.00,21.43,93.06,21.43,80.54,1006.38,5.01,1,1,1,0.1
12201608202311,122016082002,1.00,21.43,93.06,21.43,80.54,1006.21,5.01,1,1,1,0.1
12201608202311,122016082003,1.00,21.43,93.06,21.43,80.54,1006.03,5.01,1,1,1,0.1
12201608202312,122016082004,2.00,21.43,93.06,21.43,80.54,1006.02,5.01,1,1,1,0.1
12201608202312,122016082005,3.00,21.43,93.06,21.43,80.54,1005.94,5.01,1,1,1,0.1
12201608202313,122016082006,4357.00,21.43,93.06,21.43,80.54,1005.81,5.01,1,1,1,0.1
12201608202313,122016082007,38288.00,21.43,93.06,21.43,80.54,1005.90,5.01,1,1,1,0.1
12201608202313,122016082008,65347.00,21.43,93.06,21.43,80.54,1005.95,5.01,1,1,1,0.1
12201608202314,122016082009,49640.00,21.43,93.06,21.43,73.73,1005.89,5.01,1,1,1,0.1
12201608202314,122016082010,40685.00,21.43,93.06,21.43,80.54,1006.56,5.02,1,1,1,1
12201608202314,122016082011,65535.00,21.43,93.06,21.43,93.06,1006.76,5.01,1,1,1,0.1
12201608202315,122016082012,65535.00,21.43,93.06,23.99,74.22,1006.74,4.89,1,1,1,0.1
12201608202315,122016082013,65535.00,24.33,73.86,23.99,59.40,1006.55,5.02,1,1,1,1
12201608202315,122016082014,65535.00,31.67,60.58,26.55,59.79,1006.55,5.03,1,1,1,0.1
12201608202316,122016082015,65535.00,26.55,67.44,26.55,51.78,1006.90,5.03,1,1,1,1
12201608202316,122016082016,65535.00,23.99,67.00,23.99,59.40,1006.93,5.02,1,1,1,0.1
12201608202316,122016082017,65535.00,21.43,73.73,21.43,66.55,1007.20,5.02,1,1,1,0.1
12201608202317,122016082018,65535.00,21.43,73.73,21.43,66.55,1007.36,5.02,1,1,1,0.1
12201608202317,122016082019,20186.00,21.43,80.54,21.43,80.54,1007.90,5.02,1,1,1,0.1
12201608202318,122016082020,597.00,21.43,93.06,21.43,93.06,1008.18,5.02,1,1,1,1
12201608202318,122016082021,3.00,21.43,93.06,21.43,93.06,1008.95,5.02,1,1,1,0.1
12201608202318,122016082022,1.00,21.43,93.06,21.43,93.06,1008.88,5.02,1,1,1,1
12201608202319,122016082023,2.00,21.43,93.06,21.43,80.54,1008.95,5.02,1,1,1,0.1
12201608212310,122016082100,3.00,21.43,93.06,21.43,80.54,1009.33,5.02,1,1,1,0.1
12201608212311,122016082101,3.00,21.43,93.06,21.43,80.54,1009.57,5.02,1,1,1,0.1
12201608212311,122016082102,3.00,21.43,93.06,21.43,80.54,1009.84,5.02,1,1,1,0.1
12201608212311,122016082103,2.00,21.43,93.06,21.43,93.06,1010.35,5.02,1,1,1,0.1
12201608212312,122016082104,2.00,21.43,93.06,21.43,80.54,1010.63,5.02,1,1,1,0.1
12201608212312,122016082105,2.00,21.43,93.06,21.43,80.54,1011.59,5.02,1,1,1,0.1
12201608212312,122016082106,1985.00,21.43,93.06,21.43,80.54,1011.98,5.02,1,1,1,0.1
12201608212313,122016082107,20851.00,21.43,93.06,21.43,93.06,1012.88,5.02,1,1,1,0.1
12201608212313,122016082108,65535.00,21.43,93.06,21.43,80.54,1013.51,5.02,1,1,1,0.1
12201608212314,122016082109,65535.00,21.43,77.12,21.43,73.73,1014.42,5.02,1,1,1,0.1
12201608212314,122016082110,65535.00,21.43,80.12,21.43,73.73,1015.07,5.02,1,1,1,0.1
12201608212314,122016082111,65535.00,21.43,74.27,21.43,66.55,1015.88,5.02,1,1,1,0.1
12201608212315,122016082112,57595.00,21.43,70.46,21.43,66.55,1016.64,5.02,1,1,1,0.1
12201608212315,122016082113,65535.00,22.91,67.09,23.99,59.40,1017.21,5.02,1,1,1,0.1
12201608212315,122016082114,65535.00,24.27,63.76,26.55,59.79,1017.61,5.02,1,1,1,0.1
12201608212316,122016082115,65535.00,23.43,74.54,23.99,59.40,1018.41,5.03,1,1,1,0.1
12201608212316,122016082116,65535.00,25.57,59.64,26.55,51.78,1018.89,5.03,1,1,1,0.1
12201608212316,122016082117,65535.00,24.57,59.50,26.55,51.78,1019.11,5.03,1,1,1,1
12201608212317,122016082118,43621.00,23.99,67.00,23.99,51.44,1019.74,5.03,1,1,1,0.1
12201608212317,122016082119,17491.00,21.43,71.97,21.43,66.55,1020.43,5.02,1,1,1,0.1
12201608212318,122016082120,1059.00,21.43,77.55,21.43,80.54,1020.38,5.02,1,1,1,0.1
12201608212318,122016082121,3.00,21.43,93.06,21.43,80.54,1020.50,5.02,1,1,1,0.1
12201608212318,122016082122,2.00,21.43,93.06,21.43,80.54,1020.45,5.02,1,1,1,1
12201608212319,122016082123,2.00,21.43,93.06,21.43,80.54,1020.51,5.02,1,1,1,0.1
12201608222310,122016082200,1.00,21.43,93.06,21.43,80.54,1020.62,5.01,1,1,1,0.1
12201608222311,122016082201,2.00,21.43,93.06,21.43,80.54,1020.84,5.01,1,1,1,1
12201608222311,122016082202,2.00,21.43,93.06,21.43,80.54,1020.72,5.02,1,1,1,1
12201608222311,122016082203,2.00,21.43,93.06,21.43,80.54,1021.01,4.98,1,1,1,0.1
12201608222312,122016082204,1.00,21.43,93.06,21.43,80.54,1021.19,5.01,1,1,1,0.1
12201608222312,122016082205,1.00,21.43,93.06,21.43,80.54,1021.04,5.01,1,1,1,0.1
12201608222312,122016082206,579.00,21.43,93.06,21.43,80.54,1021.43,5.01,1,1,1,0.1
12201608222313,122016082207,16339.00,21.43,93.06,21.43,93.06,1022.17,5.01,1,1,1,0.1
12201608222313,122016082208,20253.00,21.43,93.06,21.43,93.06,1022.84,5.01,1,1,1,0.1
12201608222313,122016082209,41933.00,21.43,93.06,21.43,80.54,1023.09,5.02,1,1,1,1
12201608222314,122016082210,65535.00,21.71,77.88,23.99,74.22,1023.32,5.01,1,1,1,1
12201608222314,122016082211,65535.00,22.85,80.69,23.99,67.00,1023.09,5.02,1,1,1,0.1
12201608222315,122016082212,65535.00,24.99,68.81,26.55,59.79,1023.40,5.02,1,1,1,1
12201608222315,122016082213,65535.00,26.27,70.16,26.55,67.44,1023.43,5.02,1,1,1,1
12201608222315,122016082214,65535.00,31.67,67.86,31.67,60.58,1023.47,5.02,1,1,1,0.1
12201608222316,122016082215,65535.00,31.67,52.46,31.67,52.46,1023.48,5.02,1,1,1,0.1
12201608222316,122016082216,65535.00,31.67,52.46,31.67,52.46,1023.60,5.03,1,1,1,0.1
12201608222316,122016082217,65535.00,31.67,60.58,31.67,60.58,1023.88,4.99,1,1,1,1
12201608222317,122016082218,65535.00,31.67,60.58,31.67,52.46,1024.22,5.00,1,1,1,0.1
12201608222317,122016082219,26796.00,26.55,67.44,26.55,59.79,1024.36,5.03,1,1,1,0.1
12201608222317,122016082220,2544.00,23.99,74.22,23.99,67.00,1024.41,5.03,1,1,1,0.1
12201608222318,122016082221,1.00,23.99,74.22,23.99,67.00,1024.85,5.02,1,1,1,0.1
12201608222318,122016082222,1.00,23.99,74.22,21.43,73.73,1024.95,5.02,1,1,1,0.1
12201608222318,122016082223,1.00,21.43,73.73,21.43,73.73,1025.11,5.02,1,1,1,0.1
12201608232310,122016082300,1.00,21.43,77.97,21.43,73.73,1025.12,5.02,1,1,1,1
12201608232310,122016082301,1.00,21.43,75.46,21.43,80.54,1025.23,5.02,1,1,1,0.1
12201608232311,122016082302,0.00,21.43,93.06,21.43,80.54,1025.05,5.02,1,1,1,0.1
12201608232311,122016082303,0.00,21.43,93.06,21.43,80.54,1024.89,5.03,1,1,1,0.1
12201608232312,122016082304,1.00,21.43,93.06,21.43,80.54,1024.54,5.03,1,1,1,0.1
12201608232312,122016082305,1.00,21.43,93.06,21.43,93.06,1024.54,5.02,1,1,1,0.1
12201608232312,122016082306,2751.00,21.43,93.06,21.43,93.06,1024.68,5.02,1,1,1,1
12201608232313,122016082307,25005.00,21.43,93.06,21.43,93.06,1024.87,5.02,1,1,1,0.1
12201608232313,122016082308,65535.00,21.43,93.06,21.43,80.54,1024.88,5.02,1,1,1,1
12201608232313,122016082309,65535.00,21.43,76.38,23.99,67.00,1024.74,5.03,1,1,1,0.1
12201608232314,122016082310,65535.00,25.57,68.87,26.55,59.79,1024.45,5.03,1,1,1,1
12201608232314,122016082311,65535.00,31.67,60.58,31.67,52.46,1023.76,5.03,1,1,1,0.1
12201608232314,122016082312,65535.00,31.67,52.46,36.79,44.54,1023.10,5.04,1,1,1,1
12201608232315,122016082313,65535.00,26.55,94.05,26.55,94.36,1022.60,5.04,1,1,1,1
12201608232315,122016082314,65535.00,32.33,71.27,31.67,60.58,1022.13,5.04,1,1,1,0.1
12201608232315,122016082315,65535.00,31.67,67.38,34.23,52.80,1021.70,5.04,1,1,1,1
12201608232316,122016082316,65535.00,31.67,76.73,34.23,44.26,1020.93,5.00,1,1,1,1
12201608232316,122016082317,65535.00,31.67,71.26,34.23,44.26,1020.52,5.00,1,1,1,1
12201608232316,122016082318,65535.00,31.67,74.81,31.67,43.97,1020.50,5.00,1,1,1,1
12201608232317,122016082319,46606.00,31.67,82.74,31.67,52.46,1020.04,5.00,1,1,1,0.1
12201608232317,122016082320,3417.00,26.55,94.36,26.55,67.44,1019.93,5.00,1,1,1,0.1
12201608232317,122016082321,1.00,26.55,94.36,26.55,67.44,1019.83,5.00,1,1,1,0.1
12201608232318,122016082322,1.00,23.99,93.71,23.99,74.22,1019.62,5.00,1,1,1,0.1
12201608232318,122016082323,0.00,23.99,93.71,23.99,81.09,1019.35,5.00,1,1,1,1
12201608242310,122016082400,0.00,23.99,93.71,23.99,81.09,1019.02,5.00,1,1,1,1
12201608242310,122016082401,1.00,21.43,93.06,21.43,93.06,1018.81,5.00,1,1,1,1
12201608242311,122016082402,0.00,21.43,93.06,21.43,93.06,1018.44,5.00,1,1,1,0.1
12201608242311,122016082403,1.00,21.43,93.06,21.43,93.06,1018.47,5.00,1,1,1,0.1
12201608242312,122016082404,1.00,21.43,93.06,21.43,93.06,1018.19,5.00,1,1,1,0.1
12201608242312,122016082405,2.00,21.43,93.06,21.43,93.06,1017.93,5.00,1,1,1,0.1
12201608242312,122016082406,4294.00,21.43,93.06,21.43,93.06,1018.15,5.00,1,1,1,1
12201608242313,122016082407,65535.00,21.43,93.06,21.43,93.06,1018.47,5.00,1,1,1,0.1
12201608242313,122016082408,49860.00,21.43,93.06,23.99,81.09,1018.43,5.00,1,1,1,0.1
12201608242313,122016082409,65535.00,22.63,93.39,26.55,74.72,1018.24,5.00,1,1,1,0.1
12201608242314,122016082410,65535.00,26.31,94.32,31.67,60.58,1018.18,5.00,1,1,1,0.1
12201608242314,122016082411,65535.00,31.67,77.28,32.63,60.64,1018.08,5.00,1,1,1,1
12201608242314,122016082412,65535.00,31.67,78.83,34.23,52.80,1017.87,5.00,1,1,1,0.1
12201608242315,122016082413,65535.00,32.17,66.52,36.79,44.54,1017.55,5.00,1,1,1,1
12201608242315,122016082414,65535.00,33.95,70.15,36.79,38.99,1017.33,5.00,1,1,1,1
12201608242315,122016082415,65535.00,34.17,63.42,40.55,30.25,1017.10,5.00,1,1,1,0.1
12201608242316,122016082416,65535.00,33.91,60.92,39.35,32.05,1016.97,5.01,1,1,1,0.1
12201608242316,122016082417,65535.00,32.19,60.66,36.79,44.54,1016.71,5.00,1,1,1,1
12201608242317,122016082418,65535.00,31.67,62.92,34.23,44.26,1017.68,5.00,1,1,1,1
12201608242317,122016082419,30310.00,31.67,68.63,31.67,52.46,1016.57,5.00,1,1,1,1
12201608242317,122016082420,921.00,31.67,75.72,31.67,60.58,1017.43,5.00,1,1,1,1
12201608242318,122016082421,4.00,31.67,75.72,31.67,60.58,1018.58,5.00,1,1,1,1
12201608242318,122016082422,4.00,26.55,81.64,26.55,67.44,1019.37,5.00,1,1,1,0.1
12201608242318,122016082423,2.00,26.55,81.64,26.55,67.44,1017.77,5.00,1,1,1,0.1
12201608252310,122016082500,2.00,26.55,81.64,26.55,74.72,1017.60,4.98,1,1,1,1
12201608252311,122016082501,2.00,23.99,81.09,23.99,74.22,1016.44,4.98,1,1,1,1
12201608252311,122016082502,2.00,23.99,93.71,23.99,74.22,1016.69,4.98,1,1,1,0.1
12201608252311,122016082503,1.00,23.99,93.71,23.99,74.22,1016.94,4.98,1,1,1,0.1
12201608252312,122016082504,1.00,23.99,93.71,23.99,74.22,1017.21,4.98,1,1,1,0.1
12201608252312,122016082505,3.00,23.99,93.71,23.99,81.09,1017.12,4.98,1,1,1,0.1
12201608252312,122016082506,2321.00,23.99,93.71,21.43,80.54,1016.68,4.97,1,1,1,0.1
12201608252313,122016082507,49237.00,23.99,93.71,21.43,80.54,1016.62,4.98,1,1,1,1
12201608252313,122016082508,65535.00,23.99,93.71,23.99,81.09,1016.01,4.97,1,1,1,0.1
12201608252313,122016082509,65535.00,23.99,93.71,23.99,74.22,1015.79,4.97,1,1,1,0.1
12201608252314,122016082510,65535.00,25.25,80.66,31.67,68.33,1015.75,4.97,1,1,1,1
12201608252314,122016082511,65535.00,31.67,73.90,31.67,52.46,1015.51,4.98,1,1,1,1
12201608252314,122016082512,65535.00,31.67,72.18,31.67,60.58,1015.40,4.98,1,1,1,1
12201608252315,122016082513,65535.00,31.67,74.87,31.67,68.33,1014.68,4.98,1,1,1,1
12201608252315,122016082514,65535.00,31.67,74.25,31.67,52.46,1015.00,4.98,1,1,1,0.1
12201608252316,122016082515,65535.00,31.69,64.14,36.79,42.55,1014.83,4.98,1,1,1,0.1
12201608252316,122016082516,65535.00,31.67,68.33,31.67,52.46,1014.22,4.98,1,1,1,1
12201608252316,122016082517,65535.00,31.67,71.14,31.67,52.46,1013.60,4.98,1,1,1,0.1
12201608252317,122016082518,65535.00,31.67,67.38,31.67,52.46,1013.36,4.98,1,1,1,0.1
12201608252317,122016082519,41506.00,31.67,72.47,31.67,52.46,1013.62,4.98,1,1,1,0.1
12201608252317,122016082520,1852.00,31.67,75.72,31.67,68.33,1013.82,4.98,1,1,1,0.1
12201608252318,122016082521,1.00,26.55,81.64,26.55,67.44,1014.32,4.98,1,1,1,1
12201608252318,122016082522,1.00,26.55,81.64,26.55,74.72,1013.64,4.98,1,1,1,0.1
12201608252318,122016082523,0.00,23.99,81.09,23.99,81.09,1013.56,4.98,1,1,1,0.1
12201608262310,122016082600,3.00,26.55,94.36,26.55,74.72,1014.39,4.98,1,1,1,0.1
12201608262311,122016082601,1.00,26.55,94.36,23.99,81.64,1014.65,4.97,1,1,1,0.1
12201608262311,122016082602,3.00,23.99,93.71,23.99,81.09,1014.93,4.97,1,1,1,1
12201608262311,122016082603,2.00,23.99,93.71,23.99,81.09,1015.37,4.97,1,1,1,0.1
12201608262312,122016082604,1.00,23.99,93.71,23.99,81.09,1014.40,4.98,1,1,1,0.1
12201608262312,122016082605,2.00,23.99,93.71,23.99,81.09,1015.51,4.97,1,1,1,0.1
12201608262312,122016082606,1233.00,21.43,93.06,21.43,80.54,1016.19,4.97,1,1,1,1
12201608262313,122016082607,17122.00,21.43,93.06,21.43,80.54,1016.86,4.97,1,1,1,0.1
12201608262313,122016082608,65535.00,23.99,93.71,23.99,81.09,1017.20,4.97,1,1,1,1
12201608262313,122016082609,65535.00,23.99,81.09,23.99,67.00,1017.70,4.97,1,1,1,0.1
12201608262314,122016082610,65535.00,23.99,81.09,23.99,67.00,1018.35,4.97,1,1,1,0.1
12201608262314,122016082611,65535.00,25.91,74.40,26.55,59.79,1018.47,4.97,1,1,1,0.1
12201608262315,122016082612,65535.00,31.67,65.22,26.55,51.78,1018.51,4.98,1,1,1,0.1
12201608262315,122016082613,65535.00,31.67,60.58,34.23,44.26,1018.42,4.97,1,1,1,0.1
12201608262315,122016082614,65535.00,31.67,60.58,31.91,28.99,1018.59,5.00,1,1,1,0.1
12201608262316,122016082615,65535.00,31.67,52.46,36.79,26.26,1018.61,4.99,1,1,1,0.1
12201608262316,122016082616,65535.00,31.67,52.46,34.23,26.07,1018.47,4.99,1,1,1,0.1
12201608262316,122016082617,65535.00,31.67,52.46,34.23,26.07,1018.24,4.99,1,1,1,0.1
12201608262317,122016082618,65535.00,31.67,52.46,31.67,35.11,1018.48,4.99,1,1,1,0.1
12201608262317,122016082619,56475.00,31.67,52.46,31.67,43.97,1018.53,4.99,1,1,1,0.1
12201608262317,122016082620,2523.00,26.55,67.44,26.55,51.78,1019.03,4.99,1,1,1,0.1
12201608262318,122016082621,1.00,23.99,67.00,23.99,51.44,1019.56,4.99,1,1,1,0.1
12201608262318,122016082622,0.00,23.99,67.00,23.99,51.44,1020.03,4.99,1,1,1,0.1
12201608262319,122016082623,1.00,23.99,67.00,21.43,59.01,1019.97,4.99,1,1,1,0.1
12201608272310,122016082700,1.00,21.43,73.73,21.43,59.01,1020.04,4.99,1,1,1,1
12201608272310,122016082701,1.00,21.43,73.73,21.43,66.55,1019.99,4.99,1,1,1,0.1
12201608272311,122016082702,1.00,21.43,73.62,21.43,66.55,1019.69,4.98,1,1,1,0.1
12201608272311,122016082703,1.00,21.43,77.50,21.43,73.73,1019.54,4.99,1,1,1,0.1
12201608272311,122016082704,1.00,21.43,80.12,21.43,73.73,1019.32,4.98,1,1,1,1
12201608272312,122016082705,1.00,21.43,78.87,21.43,80.54,1018.98,4.99,1,1,1,0.1
12201608272312,122016082706,1737.00,21.43,93.06,21.43,80.54,1018.57,4.98,1,1,1,1
12201608272313,122016082707,41916.00,21.43,93.06,21.43,93.06,1018.48,4.99,1,1,1,0.1
12201608272313,122016082708,65535.00,21.43,80.12,21.43,80.54,1018.45,4.98,1,1,1,1
12201608272313,122016082709,65535.00,22.67,79.14,23.99,67.00,1018.00,4.99,1,1,1,0.1
12201608272314,122016082710,65535.00,24.19,72.50,26.55,59.79,1017.78,4.99,1,1,1,0.1
12201608272314,122016082711,65535.00,25.35,66.30,31.67,60.58,1017.22,4.99,1,1,1,0.1
12201608272314,122016082712,65535.00,31.67,63.53,31.67,60.58,1016.50,4.99,1,1,1,0.1
12201608272315,122016082713,65535.00,31.67,61.75,31.67,52.46,1015.35,4.99,1,1,1,0.1
12201608272315,122016082714,65535.00,31.67,60.58,31.67,52.46,1014.49,4.99,1,1,1,1
12201608272315,122016082715,65535.00,31.67,64.01,31.67,60.58,1014.28,4.99,1,1,1,0.1
12201608272316,122016082716,65535.00,31.67,60.58,31.67,52.46,1013.34,4.99,1,1,1,0.1
12201608272316,122016082717,65535.00,31.67,73.98,31.67,52.46,1013.28,4.99,1,1,1,0.1
12201608272317,122016082718,65535.00,31.67,68.33,31.67,60.58,1012.77,4.99,1,1,1,0.1
12201608272317,122016082719,34593.00,26.55,74.72,26.55,67.44,1012.34,4.99,1,1,1,1
12201608272317,122016082720,2831.00,26.55,74.72,26.55,74.72,1012.55,4.99,1,1,1,0.1
12201608272318,122016082721,2.00,23.99,81.09,23.99,74.22,1012.68,4.99,1,1,1,0.1
12201608272318,122016082722,1.00,23.99,81.09,23.99,81.09,1012.67,4.99,1,1,1,0.1
12201608272318,122016082723,1.00,23.99,81.09,23.99,81.09,1012.41,4.99,1,1,1,0.1
12201608282310,122016082800,2.00,22.57,81.09,23.99,81.09,1011.91,4.97,1,1,1,1
12201608282310,122016082801,2.00,23.99,81.09,23.99,81.09,1011.96,4.97,1,1,1,0.1
12201608282311,122016082802,4.00,22.17,80.70,23.99,74.22,1011.56,4.97,1,1,1,0.1
12201608282311,122016082803,2.00,23.99,81.09,23.99,74.22,1011.49,4.99,1,1,1,0.1
12201608282312,122016082804,3.00,23.99,81.09,21.43,80.54,1011.42,4.98,1,1,1,0.1
12201608282312,122016082805,1.00,21.43,79.08,21.43,80.54,1011.64,4.99,1,1,1,0.1
12201608282312,122016082806,999.00,21.43,93.06,21.43,80.54,1012.10,4.98,1,1,1,0.1
12201608282313,122016082807,30258.00,21.43,80.43,21.43,80.54,1012.30,4.99,1,1,1,0.1
12201608282313,122016082808,65535.00,21.43,77.71,21.43,80.54,1012.29,4.99,1,1,1,1
12201608282313,122016082809,65535.00,21.43,80.54,21.43,73.73,1012.55,4.98,1,1,1,0.1
12201608282314,122016082810,65535.00,23.01,75.05,23.99,74.22,1012.77,4.98,1,1,1,0.1
12201608282314,122016082811,65535.00,23.35,80.95,23.99,74.22,1013.03,4.99,1,1,1,0.1
12201608282314,122016082812,65535.00,24.77,75.46,26.55,67.44,1013.04,4.98,1,1,1,0.1
12201608282315,122016082813,65535.00,24.47,61.59,26.55,59.79,1013.06,4.99,1,1,1,0.1
12201608282315,122016082814,65535.00,23.99,81.09,23.99,81.09,1013.60,4.99,1,1,1,0.1
12201608282316,122016082815,65535.00,25.41,74.31,26.55,67.44,1013.58,4.99,1,1,1,1
12201608282316,122016082816,65535.00,23.99,74.22,26.55,67.44,1013.72,4.99,1,1,1,0.1
12201608282316,122016082817,65535.00,23.99,74.22,23.99,67.00,1013.94,4.98,1,1,1,0.1
12201608282317,122016082818,63392.00,23.99,74.22,23.99,67.00,1013.96,4.99,1,1,1,0.1
12201608282317,122016082819,50761.00,23.99,74.22,23.99,74.22,1014.38,4.99,1,1,1,0.1
12201608282317,122016082820,1664.00,21.75,75.21,21.43,73.73,1014.85,4.98,1,1,1,0.1
12201608282318,122016082821,2.00,21.43,77.39,21.43,80.54,1015.40,4.98,1,1,1,0.1
12201608282318,122016082822,1.00,21.43,78.87,21.43,80.54,1015.76,4.98,1,1,1,1
12201608282318,122016082823,2.00,21.43,93.06,21.43,80.54,1016.07,4.98,1,1,1,0.1
12201608292310,122016082900,2.00,21.43,93.06,21.43,80.54,1016.60,4.94,1,1,1,1
12201608292311,122016082901,4.00,21.43,93.06,21.43,80.54,1017.09,4.96,1,1,1,1
12201608292311,122016082902,4.00,21.43,93.06,21.43,80.54,1017.36,4.96,1,1,1,0.1
12201608292311,122016082903,1.00,21.43,93.06,21.43,80.54,1018.02,4.94,1,1,1,0.1
12201608292312,122016082904,1.00,21.43,93.06,21.43,80.54,1018.79,4.97,1,1,1,0.1
12201608292312,122016082905,5.00,21.43,93.06,21.43,80.54,1019.12,4.97,1,1,1,0.1
12201608292312,122016082906,3136.00,21.43,93.06,21.43,80.54,1019.98,4.97,1,1,1,0.1
12201608292313,122016082907,18452.00,21.43,93.06,21.43,80.54,1020.70,4.97,1,1,1,0.1
12201608292313,122016082908,59424.00,21.43,93.06,21.43,80.54,1021.21,4.97,1,1,1,0.1
12201608292313,122016082909,65535.00,21.43,78.87,21.43,66.55,1021.69,4.97,1,1,1,0.1
12201608292314,122016082910,65535.00,23.01,75.11,23.99,59.40,1022.18,4.97,1,1,1,1
12201608292314,122016082911,65535.00,23.67,70.11,26.55,59.79,1022.47,4.97,1,1,1,0.1
12201608292315,122016082912,65535.00,22.39,73.44,23.99,59.40,1022.70,4.97,1,1,1,0.1
12201608292315,122016082913,65535.00,21.99,67.45,23.99,59.40,1022.75,4.97,1,1,1,0.1
12201608292315,122016082914,65535.00,31.67,60.58,31.67,52.46,1022.80,4.97,1,1,1,0.1
12201608292316,122016082915,65535.00,31.67,61.63,31.67,52.46,1022.82,4.97,1,1,1,0.1
12201608292316,122016082916,65535.00,31.67,60.58,31.67,43.97,1022.77,4.97,1,1,1,0.1
12201608292316,122016082917,65535.00,31.67,60.58,31.67,43.97,1022.72,4.97,1,1,1,0.1
12201608292317,122016082918,65535.00,31.67,60.58,31.67,35.11,1023.04,4.97,1,1,1,0.1
12201608292317,122016082919,49782.00,25.57,59.69,26.55,43.39,1023.40,4.97,1,1,1,0.1
12201608292317,122016082920,1621.00,23.99,67.00,23.99,51.44,1023.83,4.97,1,1,1,0.1
12201608292318,122016082921,1.00,21.43,73.73,21.43,59.01,1024.32,4.97,1,1,1,0.1
12201608292318,122016082922,1.00,21.43,73.40,21.43,66.55,1024.53,4.97,1,1,1,0.1
12201608292319,122016082923,1.00,21.43,78.87,21.43,73.73,1025.05,4.97,1,1,1,1
12201608302310,122016083000,0.00,21.43,76.32,21.43,73.73,1025.16,4.98,1,1,1,1
12201608302310,122016083001,1.00,21.43,78.03,21.43,80.54,1025.24,4.98,1,1,1,1
12201608302311,122016083002,0.00,21.43,93.06,21.43,80.54,1025.25,4.98,1,1,1,0.1
12201608302311,122016083003,1.00,21.43,93.06,21.43,80.54,1024.91,4.98,1,1,1,0.1
12201608302311,122016083004,1.00,21.43,93.06,21.43,80.54,1025.09,4.98,1,1,1,1
12201608302312,122016083005,1.00,21.43,93.06,31.67,80.54,1025.17,4.98,1,1,1,0.1
12201608302312,122016083006,2508.00,21.43,93.06,21.43,128.45,1025.22,4.98,1,1,1,0.1
12201608302313,122016083007,33136.00,21.43,93.06,21.43,93.06,1025.39,4.98,1,1,1,0.1
12201608302313,122016083008,65535.00,21.43,93.06,21.43,80.54,1025.48,4.98,1,1,1,0.1
12201608302313,122016083009,65535.00,21.43,80.54,23.99,74.22,1025.72,4.98,1,1,1,0.1
12201608302314,122016083010,65535.00,22.87,74.00,26.55,59.79,1025.87,4.98,1,1,1,0.1
12201608302314,122016083011,65535.00,24.57,72.00,31.67,52.46,1025.81,4.99,1,1,1,0.1
12201608302314,122016083012,65535.00,34.21,52.80,31.67,35.11,1025.23,4.98,1,1,1,0.1
12201608302315,122016083013,65535.00,31.67,38.69,32.71,31.51,1025.05,4.99,1,1,1,1
12201608302315,122016083014,65535.00,39.35,44.28,33.91,30.14,1024.48,4.99,1,1,1,0.1
12201608302315,122016083015,65535.00,33.59,35.93,34.23,35.35,1023.84,4.99,1,1,1,0.1
12201608302316,122016083016,65535.00,31.67,35.47,31.67,35.11,1023.22,5.04,1,1,1,1
12201608302316,122016083017,65535.00,31.67,37.08,31.67,35.11,1022.53,5.04,1,1,1,0.1
12201608302316,122016083018,65535.00,31.67,43.76,31.67,43.97,1022.36,5.04,1,1,1,0.1
12201608302317,122016083019,65535.00,26.55,51.78,26.55,43.39,1022.26,5.04,1,1,1,0.1
12201608302317,122016083020,1884.00,23.99,51.44,23.99,51.44,1022.66,5.03,1,1,1,0.1
12201608302318,122016083021,1.00,23.99,59.40,23.99,59.40,1022.71,5.03,1,1,1,0.1
12201608302318,122016083022,1.00,21.43,66.55,21.43,66.55,1022.75,5.03,1,1,1,1
12201608302318,122016083023,1.00,21.43,60.45,21.43,66.55,1022.43,5.03,1,1,1,0.1
12201608312310,122016083100,1.00,21.43,71.97,21.43,73.73,1022.11,5.02,1,1,1,1
12201608312311,122016083101,1.00,21.43,71.08,21.43,80.54,1021.70,5.02,1,1,1,0.1
12201608312311,122016083102,1.00,21.43,74.44,21.43,80.54,1021.37,5.02,1,1,1,0.1
12201608312311,122016083103,1.00,21.43,76.97,21.43,80.54,1021.01,5.02,1,1,1,0.1
12201608312312,122016083104,1.00,21.43,80.54,21.43,80.54,1020.56,5.02,1,1,1,0.1
12201608312312,122016083105,1.00,21.43,80.12,21.43,93.06,1020.39,5.02,1,1,1,1
12201608312312,122016083106,1626.00,21.43,77.07,21.43,128.45,1020.42,5.02,1,1,1,0.1
12201608312313,122016083107,43639.00,21.43,79.76,21.43,80.54,1020.25,5.02,1,1,1,0.1
12201608312313,122016083108,65535.00,21.43,71.97,21.43,73.73,1020.30,5.02,1,1,1,0.1
12201608312313,122016083109,65535.00,21.43,64.76,23.99,59.40,1020.57,5.03,1,1,1,1
12201608312314,122016083110,65535.00,22.19,59.15,23.99,59.40,1020.36,5.03,1,1,1,0.1
12201608312314,122016083111,65535.00,24.95,59.55,26.55,59.79,1020.62,5.03,1,1,1,0.1
12201608312314,122016083112,65535.00,31.67,52.46,31.67,43.97,1020.70,5.04,1,1,1,0.1
12201608312315,122016083113,65535.00,31.67,52.46,31.67,43.97,1020.28,5.04,1,1,1,1
12201608312315,122016083114,65535.00,36.79,33.50,36.79,26.93,1020.06,5.04,1,1,1,0.1
12201608312316,122016083115,65535.00,21.43,93.06,21.43,93.06,1020.26,5.03,1,1,1,0.1
12201608312316,122016083116,65535.00,21.43,93.06,21.43,93.06,1020.30,5.03,1,1,1,0.1
12201608312316,122016083117,65535.00,21.43,93.06,21.43,93.06,1020.11,5.03,1,1,1,0.1
12201608312317,122016083118,65535.00,21.59,93.10,23.99,74.22,1020.14,5.03,1,1,1,0.1
12201608312317,122016083119,41555.00,21.49,93.10,23.99,74.22,1020.11,5.03,1,1,1,0.1
12201608312317,122016083120,539.00,21.43,93.06,23.99,74.22,1020.88,5.03,1,1,1,0.1
12201608312318,122016083121,2.00,21.43,93.06,21.43,80.54,1021.61,5.03,1,1,1,0.1
12201608312318,122016083122,1.00,21.43,93.06,21.43,73.73,1021.84,5.02,1,1,1,0.1
12201608312318,122016083123,1.00,21.43,93.06,21.43,66.55,1021.92,5.02,1,1,1,1
12201609012310,122016090100,1.00,21.43,93.06,21.43,73.73,1021.92,5.02,1,1,1,1
12201609012310,122016090101,1.00,21.43,93.06,21.43,73.73,1022.13,5.02,1,1,1,1
12201609012311,122016090102,2.00,21.43,93.06,21.43,80.54,1022.55,5.02,1,1,1,0.1
12201609012311,122016090103,1.00,21.43,93.06,21.43,80.54,1022.55,5.02,1,1,1,0.1
12201609012312,122016090104,1.00,21.43,93.06,21.43,80.54,1022.56,5.01,1,1,1,0.1
12201609012312,122016090105,1.00,21.43,93.06,21.43,93.06,1022.62,5.01,1,1,1,0.1
12201609012312,122016090106,1203.00,21.43,93.06,21.43,93.06,1022.79,5.01,1,1,1,0.1
12201609012313,122016090107,59369.00,21.43,93.06,21.43,93.06,1023.23,5.01,1,1,1,1
12201609012313,122016090108,65535.00,21.43,93.06,21.43,73.73,1023.90,5.02,1,1,1,0.1
12201609012313,122016090109,65535.00,21.43,93.06,21.43,73.73,1024.20,5.02,1,1,1,1
12201609012314,122016090110,65535.00,23.67,78.28,23.99,59.40,1024.37,5.02,1,1,1,1
12201609012314,122016090111,65535.00,31.67,66.84,26.55,59.79,1024.51,5.02,1,1,1,0.1
12201609012314,122016090112,65535.00,31.67,60.58,36.79,35.01,1024.19,5.02,1,1,1,0.1
12201609012315,122016090113,65535.00,31.67,60.58,31.67,39.86,1023.76,5.03,1,1,1,0.1
12201609012315,122016090114,65535.00,31.67,60.58,31.67,82.74,1023.23,5.03,1,1,1,0.1
12201609012315,122016090115,65535.00,32.01,42.91,32.19,34.58,1022.92,5.03,1,1,1,0.1
12201609012316,122016090116,65535.00,31.67,60.58,31.67,43.97,1022.63,5.02,1,1,1,0.1
12201609012316,122016090117,65535.00,31.67,60.58,31.67,43.97,1022.16,5.02,1,1,1,0.1
12201609012317,122016090118,65535.00,26.55,59.79,26.55,43.39,1021.91,5.04,1,1,1,0.1
12201609012317,122016090119,64928.00,23.99,59.40,23.99,51.44,1021.64,5.03,1,1,1,0.1
12201609012317,122016090120,863.00,23.99,74.22,23.99,59.40,1021.74,5.03,1,1,1,0.1
12201609012318,122016090121,1.00,21.43,84.63,21.43,66.55,1021.83,5.02,1,1,1,0.1
12201609012318,122016090122,1.00,21.43,75.03,21.43,73.73,1022.02,5.03,1,1,1,0.1
12201609012318,122016090123,1.00,21.43,78.87,21.43,73.73,1021.67,5.03,1,1,1,0.1
12201609022310,122016090200,2.00,21.43,75.41,21.43,73.73,1021.55,5.02,1,1,1,1
12201609022310,122016090201,2.00,21.43,78.97,21.43,80.54,1021.08,5.02,1,1,1,0.1
12201609022311,122016090202,2.00,21.43,93.06,21.43,80.54,1020.92,5.01,1,1,1,0.1
12201609022311,122016090203,1.00,21.43,93.06,21.43,80.54,1020.01,4.98,1,1,1,0.1
12201609022312,122016090204,4.00,21.43,93.06,21.43,80.54,1020.04,4.98,1,1,1,0.1
12201609022312,122016090205,2.00,21.43,93.06,21.43,80.54,1019.68,4.99,1,1,1,0.1
12201609022312,122016090206,563.00,21.43,93.06,21.43,93.06,1019.63,4.99,1,1,1,0.1
12201609022313,122016090207,65372.00,21.43,93.06,21.43,80.54,1019.54,5.00,1,1,1,0.1
12201609022313,122016090208,65535.00,21.43,93.06,21.43,80.54,1019.76,5.01,1,1,1,0.1
12201609022313,122016090209,65535.00,21.43,77.81,21.43,73.73,1019.58,5.02,1,1,1,0.1
12201609022314,122016090210,65535.00,21.91,72.92,23.99,67.00,1019.62,5.03,1,1,1,0.1
12201609022314,122016090211,65535.00,23.35,72.26,23.99,67.00,1019.15,5.03,1,1,1,0.1
12201609022314,122016090212,65535.00,22.47,70.81,23.99,67.00,1019.00,5.03,1,1,1,0.1
12201609022315,122016090213,65535.00,23.51,69.19,23.99,67.00,1018.50,5.03,1,1,1,1
12201609022315,122016090214,65535.00,21.75,72.42,23.99,67.00,1018.11,5.03,1,1,1,0.1
12201609022316,122016090215,65535.00,23.35,69.01,23.99,74.22,1018.43,5.03,1,1,1,0.1
12201609022316,122016090216,56067.00,21.43,77.34,21.43,73.73,1017.95,5.03,1,1,1,1
12201609022316,122016090217,65535.00,21.43,76.81,21.43,73.73,1017.49,5.03,1,1,1,0.1
12201609022317,122016090218,45330.00,21.43,77.28,21.43,80.54,1017.97,5.03,1,1,1,0.1
12201609022317,122016090219,9177.00,21.43,93.06,21.43,80.54,1017.70,5.03,1,1,1,0.1
12201609022317,122016090220,142.00,21.43,93.06,21.43,80.54,1018.11,5.02,1,1,1,0.1
12201609022318,122016090221,9.00,21.43,93.06,21.43,93.06,1018.54,5.02,1,1,1,0.1
12201609022318,122016090222,6.00,21.43,93.06,21.43,93.06,1018.39,5.02,1,1,1,1
12201609022318,122016090223,3.00,21.43,93.06,21.43,80.54,1018.40,5.02,1,1,1,1
12201609032310,122016090300,2.00,21.43,93.06,21.43,80.54,1018.59,5.01,1,1,1,1
12201609032311,122016090301,1.00,21.43,80.33,21.43,80.54,1018.18,5.01,1,1,1,0.1
12201609032311,122016090302,1.00,21.43,93.06,21.43,80.54,1018.13,5.01,1,1,1,0.1
12201609032311,122016090303,2.00,21.43,93.06,21.43,80.54,1018.10,5.01,1,1,1,0.1
12201609032312,122016090304,1.00,21.43,93.06,21.43,80.54,1018.28,5.01,1,1,1,0.1
12201609032312,122016090305,1.00,21.43,93.06,21.43,93.06,1018.24,5.00,1,1,1,0.1
12201609032312,122016090306,559.00,21.43,93.06,31.67,93.06,1018.27,5.01,1,1,1,0.1
12201609032313,122016090307,34553.00,21.43,93.06,31.67,93.06,1018.47,5.01,1,1,1,1
12201609032313,122016090308,65535.00,21.43,93.06,21.43,80.54,1018.12,5.01,1,1,1,0.1
12201609032313,122016090309,65535.00,21.43,78.87,21.43,73.73,1018.08,5.01,1,1,1,0.1
12201609032314,122016090310,65535.00,21.59,60.85,23.99,59.40,1017.64,5.02,1,1,1,1
12201609032314,122016090311,65535.00,31.67,52.46,26.55,51.78,1017.33,5.02,1,1,1,1
12201609032314,122016090312,65535.00,23.45,62.37,26.55,51.78,1016.50,5.02,1,1,1,0.1
12201609032315,122016090313,65535.00,21.77,64.78,23.99,59.40,1016.31,5.02,1,1,1,0.1
12201609032315,122016090314,65535.00,22.05,61.15,23.99,67.00,1014.88,5.02,1,1,1,1
12201609032316,122016090315,65535.00,23.35,65.89,23.99,59.40,1014.68,5.02,1,1,1,0.1
12201609032316,122016090316,65535.00,22.01,66.54,23.99,59.40,1013.90,5.02,1,1,1,0.1
12201609032316,122016090317,35830.00,21.43,78.97,21.43,73.73,1013.88,5.01,1,1,1,0.1
12201609032317,122016090318,34916.00,21.43,93.06,21.43,93.06,1013.12,5.01,1,1,1,1
12201609032317,122016090319,18577.00,21.43,94.25,21.43,93.06,1011.72,5.01,1,1,1,0.1
12201609032317,122016090320,27.00,21.43,93.06,21.43,93.06,1012.53,5.01,1,1,1,0.1
12201609032318,122016090321,6.00,21.43,93.06,21.43,93.06,1012.64,5.01,1,1,1,1
12201609032318,122016090322,6.00,21.43,93.06,21.43,93.06,1012.09,5.02,1,1,1,1
12201609032318,122016090323,6.00,21.43,93.06,21.43,93.06,1011.23,5.02,1,1,1,0.1
12201609042310,122016090400,2.00,21.43,93.06,21.43,93.06,1010.47,5.01,1,1,1,1
12201609042310,122016090401,6.00,21.43,93.06,21.43,93.06,1010.18,5.01,1,1,1,1
12201609042311,122016090402,6.00,21.43,93.06,21.43,93.06,1009.70,5.01,1,1,1,0.1
12201609042311,122016090403,1.00,21.43,93.06,21.43,93.06,1009.00,5.01,1,1,1,0.1
12201609042312,122016090404,1.00,21.43,93.06,21.43,93.06,1008.90,5.01,1,1,1,0.1
12201609042312,122016090405,2.00,21.43,93.06,21.43,80.54,1009.65,5.01,1,1,1,0.1
12201609042312,122016090406,301.00,21.43,93.06,21.43,73.73,1010.04,5.01,1,1,1,0.1
12201609042313,122016090407,36553.00,21.43,93.06,21.43,80.54,1010.13,5.01,1,1,1,0.1
12201609042313,122016090408,65535.00,21.43,79.71,21.43,73.73,1010.66,5.01,1,1,1,0.1
12201609042313,122016090409,65535.00,21.43,74.38,21.43,73.73,1010.83,5.01,1,1,1,1
12201609042314,122016090410,65535.00,21.43,76.32,21.43,73.73,1011.25,5.01,1,1,1,0.1
12201609042314,122016090411,65535.00,21.43,74.00,21.43,66.55,1011.80,5.01,1,1,1,0.1
12201609042314,122016090412,65535.00,21.43,72.02,23.99,67.00,1012.18,5.01,1,1,1,0.1
12201609042315,122016090413,65535.00,23.35,65.02,23.99,59.40,1012.60,5.02,1,1,1,1
12201609042315,122016090414,65535.00,21.57,68.56,23.99,67.00,1013.39,5.01,1,1,1,0.1
12201609042315,122016090415,65535.00,21.91,65.19,23.99,59.40,1013.88,5.02,1,1,1,0.1
12201609042316,122016090416,65535.00,21.91,66.46,23.99,67.00,1014.34,5.03,1,1,1,0.1
12201609042316,122016090417,65535.00,21.43,66.72,23.99,67.00,1014.76,5.03,1,1,1,0.1
12201609042317,122016090418,65535.00,21.43,70.07,23.99,67.00,1014.94,5.02,1,1,1,0.1
12201609042317,122016090419,30842.00,21.43,68.15,21.43,66.55,1015.30,5.02,1,1,1,0.1
12201609042317,122016090420,119.00,21.43,75.03,21.43,73.73,1015.71,5.02,1,1,1,1
12201609042318,122016090421,4.00,21.43,77.34,21.43,73.73,1016.39,5.02,1,1,1,1
12201609042318,122016090422,3.00,21.43,79.71,21.43,73.73,1016.71,5.02,1,1,1,0.1
12201609042318,122016090423,2.00,21.43,76.75,21.43,80.54,1017.13,5.02,1,1,1,0.1
12201609052310,122016090500,5.00,21.43,76.75,21.43,80.54,1017.25,5.02,1,1,1,0.1
12201609052311,122016090501,2.00,21.43,93.06,21.43,80.54,1017.30,5.02,1,1,1,0.1
12201609052311,122016090502,3.00,21.43,93.06,21.43,93.06,1017.66,5.02,1,1,1,0.1
12201609052311,122016090503,4.00,21.43,93.06,21.43,93.06,1017.96,5.02,1,1,1,0.1
12201609052312,122016090504,4.00,21.43,93.06,21.43,93.06,1018.12,5.02,1,1,1,0.1
12201609052312,122016090505,3.00,21.43,93.06,21.43,93.06,1017.72,5.02,1,1,1,0.1
12201609052312,122016090506,120.00,21.43,93.06,21.43,93.06,1018.10,5.02,1,1,1,0.1
12201609052313,122016090507,10653.00,21.43,93.06,21.43,93.06,1018.25,5.02,1,1,1,1
12201609052313,122016090508,61664.00,21.43,93.06,21.43,93.06,1018.26,5.02,1,1,1,0.1
12201609052313,122016090509,65535.00,21.43,93.06,21.43,93.06,1018.45,5.02,1,1,1,0.1
12201609052314,122016090510,65535.00,21.43,93.06,36.79,93.06,1018.77,5.02,1,1,1,0.1
12201609052314,122016090511,65535.00,21.43,93.06,21.43,137.34,1019.30,5.02,1,1,1,0.1
12201609052315,122016090512,65535.00,21.43,93.06,21.43,93.06,1019.53,5.02,1,1,1,0.1
12201609052315,122016090513,65535.00,23.97,93.71,23.99,81.09,1019.48,5.03,1,1,1,1
12201609052315,122016090514,65535.00,23.35,93.55,26.55,74.72,1019.60,5.03,1,1,1,0.1
12201609052316,122016090515,65535.00,23.35,93.55,26.55,81.64,1019.57,5.03,1,1,1,0.1
12201609052316,122016090516,65535.00,25.15,80.93,26.55,74.72,1019.79,5.03,1,1,1,0.1
12201609052316,122016090517,65535.00,24.67,76.99,26.55,74.72,1019.91,5.03,1,1,1,0.1
12201609052317,122016090518,63425.00,23.45,93.58,26.55,81.64,1020.04,5.02,1,1,1,0.1
12201609052317,122016090519,12432.00,22.55,93.35,23.99,81.09,1020.66,5.02,1,1,1,0.1
12201609052317,122016090520,274.00,22.39,93.30,23.99,81.09,1021.37,5.02,1,1,1,0.1
12201609052318,122016090521,8.00,21.81,110.07,23.99,93.71,1021.74,5.02,1,1,1,0.2
12201609052318,122016090522,7.00,21.93,93.20,23.99,93.71,1022.20,5.02,1,1,1,0.1
12201609052319,122016090523,6.00,21.81,93.16,23.99,93.71,1022.28,5.02,1,1,1,1
12201609062310,122016090600,7.00,22.05,93.22,23.99,93.71,1022.67,5.02,1,1,1,1
12201609062310,122016090601,2.00,23.97,93.12,23.99,93.71,1022.52,5.02,1,1,1,1
12201609062311,122016090602,2.00,23.67,93.63,23.99,93.71,1022.72,5.02,1,1,1,0.1
12201609062311,122016090603,4.00,23.75,93.67,23.99,93.71,1022.88,5.02,1,1,1,0.1
12201609062311,122016090604,5.00,23.67,93.63,23.99,93.71,1022.93,5.02,1,1,1,1
12201609062312,122016090605,4.00,23.37,93.56,23.99,93.71,1022.97,5.02,1,1,1,0.1
12201609062312,122016090606,208.00,23.37,93.56,23.99,93.71,1023.36,5.02,1,1,1,0.1
12201609062313,122016090607,18949.00,23.67,93.64,23.99,93.71,1023.81,5.02,1,1,1,0.1
12201609062313,122016090608,36394.00,23.99,93.71,23.99,93.71,1024.04,5.02,1,1,1,0.1
12201609062313,122016090609,65535.00,21.99,93.20,23.99,81.09,1024.19,4.96,1,1,1,0.1
12201609062314,122016090610,65535.00,24.37,81.04,26.55,81.64,1024.21,5.02,1,1,1,0.1
12201609062314,122016090611,65535.00,25.19,77.74,26.55,74.72,1024.10,5.03,1,1,1,0.1
12201609062314,122016090612,65535.00,25.01,77.03,26.55,74.72,1024.12,5.03,1,1,1,1
12201609062315,122016090613,65535.00,25.97,79.98,26.55,74.72,1023.97,5.02,1,1,1,0.1
12201609062315,122016090614,61742.00,24.17,75.96,26.55,74.72,1023.96,5.03,1,1,1,0.1
12201609062315,122016090615,65535.00,26.43,72.92,31.67,75.72,1023.76,5.03,1,1,1,0.1
12201609062316,122016090616,65535.00,24.59,78.25,26.55,74.72,1023.60,5.03,1,1,1,0.1
12201609062316,122016090617,65535.00,24.51,75.13,26.55,74.72,1023.26,5.03,1,1,1,0.1
12201609062317,122016090618,64136.00,25.97,81.09,26.55,74.72,1023.04,5.03,1,1,1,0.1
12201609062317,122016090619,6689.00,24.55,79.82,26.55,74.72,1022.76,5.03,1,1,1,0.1
12201609062317,122016090620,63.00,23.67,78.01,23.99,81.09,1022.98,5.02,1,1,1,0.1
12201609062318,122016090621,8.00,23.01,77.26,23.99,81.09,1023.18,5.03,1,1,1,1
12201609062318,122016090622,2.00,23.71,93.67,23.99,81.09,1023.07,5.02,1,1,1,0.1
12201609062318,122016090623,5.00,22.55,80.10,23.99,81.09,1022.99,5.02,1,1,1,0.1
12201609072310,122016090700,2.00,21.43,93.06,21.43,80.54,1022.84,5.02,1,1,1,0.1
12201609072311,122016090701,4.00,21.43,93.06,21.43,80.54,1022.15,5.02,1,1,1,0.1
12201609072311,122016090702,6.00,21.55,93.10,23.99,81.09,1021.88,5.02,1,1,1,0.1
12201609072311,122016090703,6.00,21.73,80.16,23.99,81.09,1021.82,5.02,1,1,1,0.1
12201609072312,122016090704,6.00,21.43,93.07,23.99,81.09,1021.36,5.02,1,1,1,0.1
12201609072312,122016090705,6.00,21.43,93.06,23.99,93.71,1020.74,5.02,1,1,1,0.1
12201609072312,122016090706,79.00,21.43,93.06,21.43,93.71,1020.77,5.02,1,1,1,1
12201609072313,122016090707,8111.00,21.43,93.06,21.43,93.71,1020.76,5.02,1,1,1,0.1
12201609072313,122016090708,25041.00,21.91,93.20,23.99,93.71,1020.85,5.02,1,1,1,0.1
12201609072313,122016090709,61613.00,22.69,93.39,23.99,81.09,1020.38,4.96,1,1,1,1
12201609072314,122016090710,65535.00,21.59,93.09,23.99,81.09,1019.95,5.02,1,1,1,0.1
12201609072314,122016090711,65535.00,24.77,76.35,26.55,81.64,1019.52,4.99,1,1,1,1
12201609072314,122016090712,65535.00,25.91,70.61,31.67,68.33,1018.89,5.02,1,1,1,1
12201609072315,122016090713,65535.00,31.67,68.27,31.67,60.58,1018.15,5.03,1,1,1,0.1
12201609072315,122016090714,65535.00,31.67,52.46,34.07,42.05,1017.47,5.03,1,1,1,1
12201609072316,122016090715,65535.00,36.79,53.14,33.13,39.94,1016.77,5.04,1,1,1,0.1
12201609072316,122016090716,65535.00,31.67,52.46,33.91,40.44,1016.05,5.04,1,1,1,0.1
12201609072316,122016090717,65535.00,31.67,52.46,34.23,44.26,1015.36,5.04,1,1,1,0.1
12201609072317,122016090718,65535.00,31.67,52.46,31.67,43.97,1014.62,5.04,1,1,1,0.1
12201609072317,122016090719,25384.00,26.53,60.58,31.67,52.46,1014.12,5.03,1,1,1,0.1
12201609072317,122016090720,116.00,23.83,66.27,23.99,67.00,1013.78,5.03,1,1,1,0.1
12201609072318,122016090721,2.00,22.13,83.50,23.99,67.00,1014.03,5.02,1,1,1,0.1
12201609072318,122016090722,2.00,22.55,71.29,23.99,67.00,1013.52,5.02,1,1,1,0.1
12201609072318,122016090723,2.00,21.55,71.98,23.99,67.00,1013.10,5.03,1,1,1,0.1
12201609082310,122016090800,1.00,21.43,75.63,21.43,73.73,1012.65,5.02,1,1,1,1
12201609082310,122016090801,1.00,21.43,78.87,21.43,80.54,1011.81,5.03,1,1,1,0.1
12201609082311,122016090802,2.00,21.43,93.06,21.43,93.06,1010.89,5.03,1,1,1,0.1
12201609082311,122016090803,1.00,21.43,93.06,21.43,93.06,1010.03,5.02,1,1,1,0.1
12201609082312,122016090804,1.00,21.43,93.06,21.43,93.06,1009.41,5.02,1,1,1,0.1
12201609082312,122016090805,1.00,21.43,93.06,21.43,93.06,1008.86,5.02,1,1,1,0.1
12201609082312,122016090806,292.00,21.43,93.06,21.43,93.06,1008.13,5.02,1,1,1,0.1
12201609082313,122016090807,33648.00,21.43,93.06,21.43,93.06,1008.04,5.02,1,1,1,0.1
12201609082313,122016090808,65535.00,21.43,93.06,41.91,93.06,1007.94,5.02,1,1,1,0.1
12201609082313,122016090809,65535.00,21.55,76.76,23.99,74.22,1009.66,5.03,1,1,1,0.1
12201609082314,122016090810,65535.00,21.57,72.01,23.99,67.00,1010.00,5.02,1,1,1,0.1
12201609082314,122016090811,65535.00,26.23,61.60,26.55,59.79,1010.21,5.03,1,1,1,0.1
12201609082314,122016090812,65535.00,31.67,52.46,31.67,45.12,1010.96,5.03,1,1,1,0.1
12201609082315,122016090813,65535.00,31.67,52.46,31.67,35.82,1011.56,5.04,1,1,1,0.1
12201609082315,122016090814,65535.00,25.55,51.64,31.67,43.97,1012.19,5.03,1,1,1,1
12201609082316,122016090815,65535.00,25.15,51.60,26.55,43.39,1012.50,5.03,1,1,1,1
12201609082316,122016090816,65535.00,25.33,51.62,26.55,43.39,1012.86,5.03,1,1,1,0.1
12201609082316,122016090817,65535.00,26.03,51.71,31.67,43.97,1013.02,5.04,1,1,1,1
12201609082317,122016090818,65535.00,25.91,51.69,26.55,51.78,1013.21,5.03,1,1,1,0.1
12201609082317,122016090819,34617.00,23.51,69.21,23.99,51.44,1013.86,5.03,1,1,1,0.1
12201609082317,122016090820,98.00,21.43,59.01,21.43,51.10,1014.45,5.03,1,1,1,1
12201609082318,122016090821,2.00,21.43,64.70,21.43,66.55,1015.36,5.03,1,1,1,0.1
12201609082318,122016090822,2.00,21.43,67.52,21.43,73.73,1015.61,5.02,1,1,1,1
12201609082318,122016090823,2.00,21.43,69.96,21.43,73.73,1015.75,5.02,1,1,1,0.1
