02201607062310,,,,,,,,,1,1,1,
02201607062310,,,,,,,,,1,1,1,
02201607062310,,,,,,,,,1,1,1,
02201607062310,,,,,,,,,1,1,1,
02201607062310,,,,,,,,,1,1,1,
02201607062310,,,,,,,,,1,1,1,
02201607062310,,,,,,,,,1,1,1,
02201607062310,,,,,,,,,1,1,1,
02201607062310,,,,,,,,,1,1,1,
02201607062310,,,,,,,,,1,1,1,
02201607062310,,,,,,,,,1,1,1,
02201607062310,,,,,,,,,1,1,1,
02201607062310,,,,,,,,,1,1,1,
02201607062310,,,,,,,,,1,1,1,
02201607062310,,,,,,,,,1,1,1,
02201607062310,,,,,,,,,1,1,1,
02201607062310,022016070616,65535.00,26.55,39.27,31.67,39.33,1021.42,5.03,1,1,1,0.1
02201607062311,022016070617,24222.00,23.99,61.03,23.99,99.47,1020.04,5.03,1,1,1,0.1
02201607062311,022016070618,15457.00,26.55,33.50,26.55,59.79,1019.50,5.03,1,1,1,0.1
02201607062312,022016070619,5020.00,26.23,32.57,26.55,43.39,1019.42,5.03,1,1,1,0.1
02201607062312,022016070620,624.00,26.55,34.65,26.55,43.39,1020.03,5.03,1,1,1,0.1
02201607062312,022016070621,107.00,25.57,33.47,26.55,43.39,1019.66,5.03,1,1,1,0.1
02201607062313,022016070622,1.00,26.55,34.95,26.55,43.39,1019.94,5.03,1,1,1,0.1
02201607062313,022016070623,0.00,25.57,38.11,26.55,43.39,1020.00,5.03,1,1,1,0.1
02201607072310,022016070700,1.00,26.55,37.02,26.55,43.39,1019.96,5.00,1,1,1,0.1
02201607072310,022016070701,6752.00,26.55,37.97,26.55,43.39,1019.46,5.00,1,1,1,0.1
02201607072311,022016070702,6884.00,26.01,38.47,26.55,51.78,1019.37,5.00,1,1,1,0.1
02201607072311,022016070703,6611.00,26.41,36.64,26.55,43.39,1018.72,5.00,1,1,1,0.1
02201607072312,022016070704,6669.00,26.23,36.54,26.55,43.39,1018.82,5.00,1,1,1,0.1
02201607072312,022016070705,6739.00,26.23,34.89,26.55,43.39,1018.62,5.00,1,1,1,0.1
02201607072312,022016070706,7316.00,26.55,41.27,26.55,43.39,1019.00,5.00,1,1,1,0.1
02201607072313,022016070707,7861.00,26.55,37.95,26.55,43.39,1018.90,5.00,1,1,1,0.1
02201607072313,022016070708,9728.00,26.23,39.83,26.55,43.39,1019.05,5.00,1,1,1,0.1
02201607072313,022016070709,10580.00,26.55,36.36,26.55,43.39,1018.73,5.00,1,1,1,0.1
02201607072314,022016070710,11266.00,26.55,36.83,26.55,43.39,1018.50,5.00,1,1,1,0.1
02201607072314,022016070711,12016.00,24.55,34.46,26.55,43.39,1018.29,5.00,1,1,1,0.1
02201607072314,022016070712,12495.00,26.55,35.71,26.55,43.39,1017.72,5.00,1,1,1,0.1
02201607072315,022016070713,14676.00,26.55,41.21,26.07,39.97,1017.27,5.00,1,1,1,0.1
02201607072315,022016070714,20076.00,31.67,37.85,31.67,42.88,1016.90,5.00,1,1,1,0.1
02201607072316,022016070715,22590.00,31.67,36.80,31.67,42.20,1016.57,5.00,1,1,1,0.1
02201607072316,022016070716,25914.00,31.67,34.55,31.67,39.31,1016.13,5.00,1,1,1,0.1
02201607072316,022016070717,3467.00,25.91,35.60,26.55,43.39,1015.80,5.03,1,1,1,0.1
02201607072317,022016070718,1295.00,31.67,43.90,31.67,43.97,1015.59,5.03,1,1,1,0.1
02201607072317,022016070719,393.00,26.55,38.00,31.67,43.97,1015.60,5.03,1,1,1,0.1
02201607072317,022016070720,387.00,26.55,41.56,26.55,51.78,1015.06,5.03,1,1,1,0.1
02201607072318,022016070721,52.00,26.55,51.52,26.55,51.78,1015.24,5.03,1,1,1,0.1
02201607072318,022016070722,61.00,26.07,51.73,26.55,51.78,1015.35,5.03,1,1,1,0.1
02201607072318,022016070723,1666.00,26.55,51.62,26.55,51.78,1015.57,5.03,1,1,1,0.1
02201607082310,022016070800,46.00,26.55,51.56,26.55,51.78,1015.12,5.01,1,1,1,1
02201607082310,022016070801,21.00,24.09,51.46,26.55,59.79,1014.64,5.00,1,1,1,0.1
02201607082311,022016070802,21.00,23.73,51.41,26.55,51.78,1014.23,5.00,1,1,1,0.1
02201607082311,022016070803,71.00,22.67,51.27,23.99,59.40,1013.94,5.00,1,1,1,0.1
02201607082312,022016070804,22.00,22.01,51.18,23.99,59.40,1013.07,5.01,1,1,1,0.1
02201607082312,022016070805,23.00,23.99,51.43,23.99,59.40,1012.63,5.00,1,1,1,0.1
02201607082312,022016070806,123.00,23.99,51.37,23.99,59.40,1012.50,5.00,1,1,1,0.1
02201607082313,022016070807,256.00,23.99,51.13,23.99,59.40,1012.70,5.00,1,1,1,0.1
02201607082313,022016070808,582.00,21.81,51.16,23.99,59.40,1012.62,4.99,1,1,1,0.1
02201607082313,022016070809,2144.00,22.39,51.23,23.99,59.40,1012.84,5.00,1,1,1,0.1
02201607082314,022016070810,8176.00,21.73,59.06,23.99,67.00,1013.08,5.02,1,1,1,0.1
02201607082314,022016070811,5173.00,23.99,59.11,23.99,59.40,1013.22,5.02,1,1,1,0.1
02201607082314,022016070812,10457.00,22.87,51.29,23.99,59.40,1013.25,5.02,1,1,1,0.1
02201607082315,022016070813,17294.00,26.55,51.50,26.55,59.79,1013.24,5.02,1,1,1,0.1
02201607082315,022016070814,18092.00,26.55,51.64,26.55,59.79,1013.33,5.02,1,1,1,0.1
02201607082316,022016070815,10941.00,24.19,51.47,26.55,51.78,1013.58,5.02,1,1,1,0.1
02201607082316,022016070816,12203.00,26.55,42.99,26.55,51.78,1013.91,5.03,1,1,1,0.1
02201607082316,022016070817,11396.00,23.67,51.40,26.55,51.78,1014.23,5.02,1,1,1,0.1
02201607082317,022016070818,47253.00,31.67,40.14,31.67,52.46,1014.66,5.02,1,1,1,0.1
02201607082317,022016070819,6531.00,31.67,38.69,31.67,43.97,1015.37,5.02,1,1,1,0.1
02201607082317,022016070820,1386.00,25.91,39.48,26.55,43.39,1015.74,5.03,1,1,1,0.1
02201607082318,022016070821,252.00,26.55,51.49,26.55,51.78,1016.39,5.02,1,1,1,0.1
02201607082318,022016070822,39.00,26.55,51.71,26.55,51.78,1016.87,5.03,1,1,1,0.1
02201607082318,022016070823,4.00,26.55,51.56,26.55,51.78,1017.13,5.03,1,1,1,0.1
02201607092310,022016070900,28.00,24.01,51.45,26.55,51.78,1017.68,5.03,1,1,1,1
02201607092310,022016070901,6.00,23.99,51.40,26.55,51.78,1017.99,5.03,1,1,1,0.1
02201607092311,022016070902,2.00,23.37,51.36,26.55,51.78,1017.94,5.03,1,1,1,0.1
02201607092311,022016070903,106.00,23.37,51.36,26.55,51.78,1017.46,5.03,1,1,1,0.1
02201607092312,022016070904,5.00,23.35,51.35,23.99,51.78,1017.20,5.03,1,1,1,0.1
02201607092312,022016070905,150.00,23.99,51.35,26.55,51.78,1017.05,5.03,1,1,1,0.1
02201607092312,022016070906,710.00,23.99,51.35,26.55,51.78,1016.83,5.02,1,1,1,0.1
02201607092313,022016070907,2878.00,23.99,51.36,26.55,51.78,1016.65,5.03,1,1,1,0.1
02201607092313,022016070908,2648.00,23.99,51.42,26.55,51.78,1016.61,5.03,1,1,1,0.1
02201607092313,022016070909,5648.00,26.55,51.48,26.55,51.78,1016.32,5.03,1,1,1,0.1
02201607092314,022016070910,4517.00,24.95,51.56,26.55,51.78,1016.28,5.03,1,1,1,0.1
02201607092314,022016070911,4557.00,26.55,51.64,26.55,51.78,1015.60,5.03,1,1,1,0.1
02201607092314,022016070912,10621.00,26.53,51.77,26.55,51.78,1015.33,5.03,1,1,1,0.1
02201607092315,022016070913,4955.00,26.55,51.58,26.55,51.78,1015.24,5.03,1,1,1,0.1
02201607092315,022016070914,10144.00,25.35,51.62,26.55,51.78,1015.07,5.03,1,1,1,0.1
02201607092316,022016070915,13423.00,26.55,51.69,26.55,51.78,1015.03,5.03,1,1,1,1
02201607092316,022016070916,11677.00,26.55,51.77,31.67,52.46,1014.55,5.03,1,1,1,0.1
02201607092316,022016070917,5521.00,26.55,51.69,26.55,51.78,1013.61,5.03,1,1,1,0.1
02201607092317,022016070918,4409.00,26.55,51.69,26.55,51.78,1013.65,5.03,1,1,1,0.1
02201607092317,022016070919,2112.00,26.55,51.59,26.55,51.78,1013.11,5.03,1,1,1,0.1
02201607092317,022016070920,896.00,24.51,51.51,26.55,51.78,1012.56,5.03,1,1,1,0.1
02201607092318,022016070921,509.00,26.55,51.78,26.55,51.78,1012.27,5.03,1,1,1,0.1
02201607092318,022016070922,2.00,25.91,51.69,26.55,59.79,1012.19,5.03,1,1,1,0.1
02201607092318,022016070923,32.00,26.55,51.59,26.55,59.79,1012.15,5.03,1,1,1,0.1
02201607102310,022016071000,4.00,26.55,51.56,26.55,59.79,1011.76,5.03,1,1,1,1
02201607102310,022016071001,1.00,26.55,51.49,26.55,59.79,1011.06,5.03,1,1,1,0.1
02201607102311,022016071002,1.00,23.99,51.43,26.55,59.79,1010.15,5.03,1,1,1,0.1
02201607102311,022016071003,5.00,23.71,51.40,26.55,59.79,1009.58,5.03,1,1,1,0.1
02201607102312,022016071004,61.00,23.69,51.40,26.55,59.79,1008.82,5.03,1,1,1,0.1
02201607102312,022016071005,63.00,23.99,59.35,26.55,59.79,1008.09,5.03,1,1,1,0.1
02201607102312,022016071006,648.00,23.99,59.37,26.55,59.79,1008.01,5.03,1,1,1,0.1
02201607102313,022016071007,1469.00,23.91,59.39,26.55,59.79,1007.90,5.03,1,1,1,0.1
02201607102313,022016071008,2310.00,26.55,59.42,26.55,59.79,1007.65,5.03,1,1,1,0.1
02201607102313,022016071009,2720.00,24.23,59.45,26.55,59.79,1007.57,5.03,1,1,1,0.1
02201607102314,022016071010,2449.00,26.55,59.46,26.55,59.79,1007.30,5.03,1,1,1,0.1
02201607102314,022016071011,3514.00,24.37,59.47,26.07,67.36,1006.76,5.03,1,1,1,0.1
02201607102314,022016071012,3809.00,24.69,59.51,26.07,67.36,1006.58,5.03,1,1,1,0.1
02201607102315,022016071013,3551.00,24.95,59.55,26.07,59.72,1006.23,5.03,1,1,1,0.1
02201607102315,022016071014,6268.00,25.59,59.69,26.07,59.72,1006.09,5.03,1,1,1,0.1
02201607102316,022016071015,65535.00,26.55,51.49,24.95,59.55,1005.56,5.03,1,1,1,0.1
02201607102316,022016071016,65535.00,31.67,41.79,31.67,52.46,1005.23,5.03,1,1,1,0.1
02201607102316,022016071017,65535.00,31.67,41.79,31.67,37.85,1004.90,5.03,1,1,1,0.1
02201607102317,022016071018,15072.00,31.67,42.88,31.67,37.29,1004.93,5.03,1,1,1,0.1
02201607102317,022016071019,6329.00,31.67,43.09,31.67,37.29,1004.73,5.03,1,1,1,0.1
02201607102317,022016071020,2474.00,31.67,38.69,31.67,43.97,1004.90,5.03,1,1,1,0.1
02201607102318,022016071021,446.00,26.55,51.51,26.55,51.78,1004.77,5.03,1,1,1,0.1
02201607102318,022016071022,2.00,26.55,51.69,26.55,51.78,1005.06,5.03,1,1,1,0.1
02201607102318,022016071023,1.00,26.55,51.50,26.55,51.78,1005.07,5.03,1,1,1,0.1
02201607142310,,,,,,,,,1,1,1,
02201607142310,,,,,,,,,1,1,1,
02201607142310,,,,,,,,,1,1,1,
02201607142310,,,,,,,,,1,1,1,
02201607142310,,,,,,,,,1,1,1,
02201607142310,,,,,,,,,1,1,1,
02201607142310,,,,,,,,,1,1,1,
02201607142310,,,,,,,,,1,1,1,
02201607142310,,,,,,,,,1,1,1,
02201607142310,,,,,,,,,1,1,1,
02201607142310,,,,,,,,,1,1,1,
02201607142310,,,,,,,,,1,1,1,
02201607142310,,,,,,,,,1,1,1,
02201607142310,022016071413,1623.00,23.43,40.96,23.99,51.44,1022.23,5.05,1,1,1,0.1
02201607142311,022016071414,820.00,26.55,30.82,26.31,32.44,1023.46,5.06,1,1,1,0.1
02201607142311,022016071415,181.00,26.55,27.59,31.67,35.11,1023.44,5.06,1,1,1,0.1
02201607142311,022016071416,4049.00,31.67,34.97,31.67,29.39,1023.98,5.06,1,1,1,0.1
02201607142312,022016071417,1353.00,26.55,29.82,25.91,32.36,1023.23,5.06,1,1,1,0.1
02201607142312,022016071418,28.00,24.95,31.05,26.55,43.39,1023.21,5.06,1,1,1,0.1
02201607142313,022016071419,9.00,24.59,28.19,26.55,34.64,1023.38,5.06,1,1,1,0.1
02201607142313,022016071420,2.00,26.55,34.75,26.07,43.34,1023.45,5.06,1,1,1,0.1
02201607142313,022016071421,1.00,24.77,37.79,26.07,39.97,1023.74,5.06,1,1,1,0.1
02201607142314,022016071422,1117.00,26.55,51.77,26.55,51.78,1023.91,5.06,1,1,1,0.1
02201607142314,022016071423,1197.00,25.41,51.63,26.55,59.79,1024.11,5.06,1,1,1,0.1
02201607152310,022016071500,1250.00,26.55,51.62,25.93,59.70,1024.17,5.02,1,1,1,0.1
02201607152311,022016071501,37.00,26.55,51.60,25.55,51.69,1024.30,5.02,1,1,1,0.1
02201607152311,022016071502,40.00,26.55,51.54,25.15,51.60,1024.23,5.02,1,1,1,0.1
02201607152311,022016071503,41.00,26.55,51.48,24.55,51.52,1024.24,5.02,1,1,1,0.1
02201607152312,022016071504,44.00,23.99,51.41,23.67,59.35,1024.30,5.02,1,1,1,0.1
02201607152312,022016071505,2569.00,23.99,51.35,23.35,59.30,1024.24,5.02,1,1,1,0.1
02201607152312,022016071506,34447.00,26.55,51.57,24.95,51.56,1024.43,5.02,1,1,1,0.1
02201607152313,022016071507,65535.00,31.67,39.03,26.25,51.74,1024.40,5.02,1,1,1,0.1
02201607152313,022016071508,65535.00,34.23,35.13,31.67,40.48,1024.79,5.02,1,1,1,0.1
02201607152314,022016071509,65535.00,44.47,26.76,36.79,35.08,1024.77,5.02,1,1,1,0.1
02201607152314,022016071510,65535.00,49.59,8.94,40.01,26.49,1024.75,5.02,1,1,1,0.1
02201607152314,022016071511,65535.00,41.91,26.58,36.79,28.99,1024.74,5.02,1,1,1,0.1
02201607152315,022016071512,65535.00,36.79,26.26,34.21,29.60,1024.61,5.02,1,1,1,0.1
02201607152315,022016071513,65535.00,36.79,27.15,32.63,32.93,1024.60,5.02,1,1,1,0.1
02201607152315,022016071514,65535.00,34.23,30.08,31.67,34.62,1024.39,5.02,1,1,1,0.1
02201607152316,022016071515,65535.00,33.69,33.02,31.67,37.15,1024.48,5.02,1,1,1,0.1
02201607152316,022016071516,65535.00,31.67,29.97,31.67,41.79,1024.09,5.02,1,1,1,0.1
02201607152316,022016071517,39235.00,31.67,36.24,31.67,36.94,1023.87,5.02,1,1,1,0.1
02201607152317,022016071518,23860.00,31.67,41.79,31.67,40.48,1023.89,5.02,1,1,1,0.1
02201607152317,022016071519,30265.00,31.67,39.03,31.67,52.46,1023.36,5.02,1,1,1,0.1
02201607152318,022016071520,17825.00,31.67,42.27,31.67,52.46,1023.03,5.02,1,1,1,0.1
02201607152318,022016071521,6177.00,31.67,52.46,31.67,52.46,1023.17,5.02,1,1,1,0.1
02201607152318,022016071522,43.00,26.55,51.69,26.39,51.76,1023.41,5.02,1,1,1,0.1
02201607152319,022016071523,1179.00,26.55,51.60,25.55,59.69,1023.19,5.02,1,1,1,0.1
02201607162310,022016071600,39.00,25.19,51.60,25.39,59.62,1023.28,5.02,1,1,1,0.1
02201607162311,022016071601,40.00,24.49,51.51,24.75,59.55,1023.22,5.01,1,1,1,0.1
02201607162311,022016071602,42.00,26.55,51.47,24.47,59.47,1023.26,5.01,1,1,1,0.1
02201607162312,022016071603,39.00,26.53,51.45,24.29,59.46,1023.00,5.01,1,1,1,0.1
02201607162312,022016071604,39.00,26.23,51.74,26.43,59.78,1022.78,4.99,1,1,1,0.1
02201607162312,022016071605,1047.00,26.55,51.65,25.91,59.69,1022.87,4.99,1,1,1,0.1
02201607162313,022016071606,8872.00,26.55,51.73,26.23,59.74,1023.02,5.01,1,1,1,0.1
02201607162313,022016071607,13133.00,26.55,51.78,26.47,59.79,1023.31,5.02,1,1,1,0.1
02201607162313,022016071608,51762.00,26.55,51.73,25.11,59.58,1023.56,5.02,1,1,1,0.1
02201607162314,022016071609,65535.00,31.67,43.70,31.67,52.46,1023.87,5.02,1,1,1,0.1
02201607162314,022016071610,65535.00,36.79,33.65,31.67,38.48,1023.54,5.02,1,1,1,0.1
02201607162314,022016071611,65535.00,49.59,15.95,41.75,26.61,1023.35,5.02,1,1,1,0.1
02201607162315,022016071612,65535.00,41.59,26.60,36.79,35.37,1023.17,5.02,1,1,1,0.1
02201607162315,022016071613,65535.00,36.79,30.38,32.29,36.37,1022.83,5.02,1,1,1,0.1
02201607162316,022016071614,65535.00,34.23,34.01,31.67,39.38,1022.41,5.02,1,1,1,0.1
02201607162316,022016071615,65535.00,32.65,33.43,31.67,40.00,1022.07,5.02,1,1,1,0.1
02201607162316,022016071616,65535.00,34.23,34.86,31.67,40.69,1021.74,5.02,1,1,1,0.1
02201607162317,022016071617,65535.00,34.23,37.58,31.67,41.79,1021.54,5.02,1,1,1,0.1
02201607162317,022016071618,65535.00,34.23,39.13,31.67,43.02,1021.34,5.02,1,1,1,0.1
02201607162317,022016071619,42327.00,31.67,43.09,31.67,52.46,1021.35,4.99,1,1,1,0.1
02201607162318,022016071620,18820.00,31.67,41.79,31.67,52.46,1021.19,5.02,1,1,1,0.1
02201607162318,022016071621,3400.00,31.67,52.46,31.67,52.46,1021.19,5.02,1,1,1,0.1
02201607162319,022016071622,1204.00,31.67,52.46,31.67,52.46,1021.61,5.02,1,1,1,0.1
02201607162319,022016071623,1259.00,31.67,52.46,31.67,52.46,1021.57,5.02,1,1,1,0.1
02201607172310,022016071700,1283.00,31.67,52.46,31.67,60.58,1021.49,5.02,1,1,1,0.1
02201607172311,022016071701,39.00,31.67,52.46,31.67,60.58,1021.41,5.02,1,1,1,0.1
02201607172311,022016071702,40.00,31.67,52.46,31.67,60.58,1021.38,5.02,1,1,1,0.1
02201607172311,022016071703,44.00,31.67,52.46,31.67,60.58,1021.21,5.02,1,1,1,0.1
02201607172312,022016071704,39.00,31.67,52.46,31.67,60.58,1020.92,5.02,1,1,1,0.1
02201607172312,022016071705,730.00,31.67,52.46,31.67,60.58,1020.83,5.02,1,1,1,0.1
02201607172312,022016071706,10100.00,31.67,52.46,31.67,60.58,1020.78,5.02,1,1,1,0.1
02201607172313,022016071707,36716.00,31.67,52.46,31.67,52.46,1021.02,5.02,1,1,1,0.1
02201607172313,022016071708,65535.00,31.73,37.50,31.67,52.46,1021.27,5.02,1,1,1,0.1
02201607172314,022016071709,65535.00,39.35,30.00,32.35,35.81,1020.98,5.02,1,1,1,0.1
02201607172314,022016071710,65535.00,44.47,26.76,39.35,28.75,1020.95,5.02,1,1,1,0.1
02201607172314,022016071711,65535.00,39.35,35.82,32.79,36.21,1020.72,5.01,1,1,1,0.1
02201607172315,022016071712,65535.00,39.35,32.27,33.91,42.03,1020.58,5.01,1,1,1,0.1
02201607172315,022016071713,65535.00,36.79,30.82,33.95,37.02,1020.34,5.02,1,1,1,0.1
02201607172315,022016071714,65535.00,36.79,33.50,32.67,39.13,1020.16,5.02,1,1,1,0.1
02201607172316,022016071715,65535.00,32.37,36.03,31.73,39.66,1019.81,5.02,1,1,1,0.1
02201607172316,022016071716,65535.00,34.23,38.84,31.67,52.46,1019.26,5.02,1,1,1,0.1
02201607172316,022016071717,48106.00,31.99,42.02,31.67,43.43,1018.99,5.02,1,1,1,0.1
02201607172317,022016071718,53782.00,31.67,42.95,31.67,52.46,1018.76,5.02,1,1,1,0.1
02201607172317,022016071719,34857.00,31.67,43.15,31.67,43.43,1018.80,5.02,1,1,1,0.1
02201607172318,022016071720,21587.00,31.67,36.80,31.67,52.46,1018.94,5.02,1,1,1,0.1
02201607172318,022016071721,4388.00,31.67,41.79,31.67,52.46,1019.35,5.02,1,1,1,0.1
02201607172318,022016071722,1347.00,31.67,52.46,31.67,52.46,1019.87,5.02,1,1,1,0.1
02201607172319,022016071723,1367.00,31.67,52.46,31.67,52.46,1020.08,5.02,1,1,1,0.1
02201607182310,022016071800,38.00,31.67,52.46,31.67,60.58,1020.25,5.02,1,1,1,1
02201607182311,022016071801,34.00,31.67,52.46,31.67,60.58,1020.23,5.02,1,1,1,0.1
02201607182311,022016071802,36.00,31.67,52.46,31.67,60.58,1020.26,5.02,1,1,1,0.1
02201607182311,022016071803,38.00,31.67,60.58,31.67,60.58,1020.11,5.02,1,1,1,0.1
02201607182312,022016071804,40.00,31.67,60.58,31.67,60.58,1019.90,5.02,1,1,1,0.1
02201607182312,022016071805,2875.00,26.55,59.74,31.67,60.58,1019.85,5.02,1,1,1,0.1
02201607182312,022016071806,30111.00,31.67,52.46,31.67,60.58,1020.21,5.02,1,1,1,0.1
02201607182313,022016071807,65535.00,39.35,30.96,31.67,52.46,1020.38,5.02,1,1,1,0.1
02201607182313,022016071808,65535.00,51.51,14.76,39.35,30.22,1020.59,5.02,1,1,1,0.1
02201607182314,022016071809,65535.00,52.15,7.71,40.31,26.51,1020.70,4.97,1,1,1,0.1
02201607182314,022016071810,65535.00,49.59,9.43,40.31,26.51,1020.74,5.02,1,1,1,1
02201607182314,022016071811,65535.00,52.15,16.97,42.93,26.70,1020.76,5.02,1,1,1,0.1
02201607182315,022016071812,65535.00,49.59,16.58,42.07,26.64,1020.72,5.02,1,1,1,0.1
02201607182315,022016071813,65535.00,39.35,53.48,36.79,26.26,1020.23,5.02,1,1,1,0.1
02201607182315,022016071814,58060.00,36.79,26.26,33.91,26.05,1020.00,5.02,1,1,1,0.1
02201607182316,022016071815,47712.00,34.07,26.07,32.63,25.96,1019.33,5.02,1,1,1,0.1
02201607182316,022016071816,39361.00,34.23,25.94,33.91,26.05,1018.86,5.02,1,1,1,0.1
02201607182317,022016071817,34491.00,34.19,26.07,33.59,26.03,1018.47,5.02,1,1,1,0.1
02201607182317,022016071818,32202.00,34.23,26.03,32.91,27.74,1018.01,5.02,1,1,1,0.1
02201607182317,022016071819,29125.00,32.81,25.98,32.63,29.69,1017.91,5.02,1,1,1,0.1
02201607182318,022016071820,19151.00,32.31,35.11,32.37,31.47,1017.95,5.02,1,1,1,0.1
02201607182318,022016071821,5706.00,31.67,42.34,31.67,52.46,1018.36,5.02,1,1,1,0.1
02201607182318,022016071822,1279.00,31.67,39.73,31.67,43.43,1018.73,5.02,1,1,1,0.1
02201607182319,022016071823,1312.00,31.67,40.62,31.67,52.46,1018.92,5.02,1,1,1,0.1
02201607192310,022016071900,39.00,31.67,52.46,31.67,52.46,1019.08,5.04,1,1,1,0.1
02201607192311,022016071901,39.00,31.67,52.46,31.67,52.46,1018.75,5.04,1,1,1,0.1
02201607192311,022016071902,38.00,31.67,52.46,31.67,52.46,1018.35,5.04,1,1,1,0.1
02201607192312,022016071903,39.00,26.55,51.73,31.67,60.58,1018.19,5.04,1,1,1,0.1
02201607192312,022016071904,40.00,26.55,51.63,26.55,59.79,1017.65,5.04,1,1,1,0.1
02201607192312,022016071905,2033.00,26.55,51.50,26.55,59.79,1017.48,5.04,1,1,1,0.1
02201607192313,022016071906,27755.00,31.67,52.46,26.55,59.79,1017.33,5.04,1,1,1,0.1
02201607192313,022016071907,65535.00,39.35,26.44,31.67,52.46,1017.48,5.04,1,1,1,0.1
02201607192313,022016071908,65535.00,52.15,12.05,39.35,33.87,1017.37,5.04,1,1,1,0.1
02201607192314,022016071909,65535.00,54.71,16.24,42.51,26.67,1017.22,5.04,1,1,1,0.1
02201607192314,022016071910,65535.00,57.27,15.02,46.55,26.97,1016.93,5.04,1,1,1,0.1
02201607192314,022016071911,65535.00,59.83,11.44,49.59,16.58,1016.45,5.04,1,1,1,0.1
02201607192315,022016071912,65535.00,54.71,16.78,45.43,26.87,1016.29,5.05,1,1,1,0.1
02201607192315,022016071913,65535.00,39.35,26.44,39.35,31.25,1015.70,5.04,1,1,1,0.1
02201607192316,022016071914,65535.00,36.79,30.38,36.79,27.30,1014.93,5.04,1,1,1,0.1
02201607192316,022016071915,62768.00,36.79,33.29,36.79,29.87,1014.63,5.04,1,1,1,0.1
02201607192316,022016071916,56701.00,36.79,35.01,36.79,33.29,1014.02,5.04,1,1,1,0.1
02201607192317,022016071917,50183.00,36.79,34.51,34.15,31.04,1013.34,5.04,1,1,1,0.1
02201607192317,022016071918,44430.00,34.07,31.82,33.59,26.99,1013.07,5.04,1,1,1,0.1
02201607192317,022016071919,39687.00,34.23,35.48,32.63,40.10,1012.79,5.04,1,1,1,0.1
02201607192318,022016071920,26978.00,31.67,41.79,31.67,52.46,1012.52,5.04,1,1,1,0.1
02201607192318,022016071921,4139.00,31.67,52.46,31.67,52.46,1012.15,5.04,1,1,1,0.1
02201607192318,022016071922,718.00,31.67,52.46,31.67,52.46,1011.88,5.04,1,1,1,0.1
02201607192319,022016071923,727.00,31.67,52.46,31.67,52.46,1011.17,5.04,1,1,1,0.1
02201507212302,,,,,,,,,1,1,1,
02201507212302,,,,,,,,,1,1,1,
02201507212302,,,,,,,,,1,1,1,
02201507212302,,,,,,,,,1,1,1,
02201507212302,,,,,,,,,1,1,1,
02201507212302,,,,,,,,,1,1,1,
02201507212302,,,,,,,,,1,1,1,
02201507212302,,,,,,,,,1,1,1,
02201507212302,,,,,,,,,1,1,1,
02201507212302,,,,,,,,,1,1,1,
02201507212302,,,,,,,,,1,1,1,
02201507212302,,,,,,,,,1,1,1,
02201507212302,,,,,,,,,1,1,1,
02201507212302,,,,,,,,,1,1,1,
02201507212302,,,,,,,,,1,1,1,
02201507212302,,,,,,,,,1,1,1,
02201507212302,,,,,,,,,1,1,1,
02201507212302,,,,,,,,,1,1,1,
02201507212302,,,,,,,,,1,1,1,
02201507212302,,,,,,,,,1,1,1,
02201507212302,,,,,,,,,1,1,1,
02201507212302,,,,,,,,,1,1,1,
02201507212302,,,,,,,,,1,1,1,
02201507192302,022016071900,39.00,31.67,52.46,31.67,52.46,1019.08,5.04,1,1,1,1
02201507192303,022016071901,39.00,31.67,52.46,31.67,52.46,1018.75,5.04,1,1,1,0.1
02201507192303,022016071902,38.00,31.67,52.46,31.67,52.46,1018.35,5.04,1,1,1,0.1
02201507192303,022016071903,39.00,26.55,51.73,31.67,60.58,1018.19,5.04,1,1,1,0.1
02201507192304,022016071904,40.00,26.55,51.63,26.55,59.79,1017.65,5.04,1,1,1,0.1
02201507192304,022016071905,2033.00,26.55,51.50,26.55,59.79,1017.48,5.04,1,1,1,0.1
02201507192304,022016071906,27755.00,31.67,52.46,26.55,59.79,1017.33,5.04,1,1,1,0.1
02201507192305,022016071907,65535.00,39.35,26.44,31.67,52.46,1017.48,5.04,1,1,1,0.1
02201507192305,022016071908,65535.00,52.15,12.05,39.35,33.87,1017.37,5.04,1,1,1,0.1
02201507192306,022016071909,65535.00,54.71,16.24,42.51,26.67,1017.22,5.04,1,1,1,0.1
02201507192306,022016071910,65535.00,57.27,15.02,46.55,26.97,1016.93,5.04,1,1,1,0.1
02201507192306,022016071911,65535.00,59.83,11.44,49.59,16.58,1016.45,5.04,1,1,1,0.1
02201507192307,022016071912,65535.00,54.71,16.78,45.43,26.87,1016.29,5.05,1,1,1,0.1
02201507192307,022016071913,65535.00,39.35,26.44,39.35,31.25,1015.70,5.04,1,1,1,0.1
02201507192307,022016071914,65535.00,36.79,30.38,36.79,27.30,1014.93,5.04,1,1,1,1
02201507192308,022016071915,62768.00,36.79,33.29,36.79,29.87,1014.63,5.04,1,1,1,0.1
02201507192308,022016071916,56701.00,36.79,35.01,36.79,33.29,1014.02,5.04,1,1,1,0.1
02201507192308,022016071917,50183.00,36.79,34.51,34.15,31.04,1013.34,5.04,1,1,1,0.1
02201507192309,022016071918,44430.00,34.07,31.82,33.59,26.99,1013.07,5.04,1,1,1,0.1
02201507192309,022016071919,39687.00,34.23,35.48,32.63,40.10,1012.79,5.04,1,1,1,0.1
02201507192310,022016071920,26978.00,31.67,41.79,31.67,52.46,1012.52,5.04,1,1,1,1
02201507192310,022016071921,4139.00,31.67,52.46,31.67,52.46,1012.15,5.04,1,1,1,0.1
02201507192310,022016071922,718.00,31.67,52.46,31.67,52.46,1011.88,5.04,1,1,1,0.1
02201507192311,022015071923,1859.00,26.55,43.39,26.55,43.39,1013.85,5.04,1,1,1,0.1
02201507192322,022016071900,39.00,31.67,52.46,31.67,52.46,1019.08,5.04,1,1,1,1
02201507192323,022016071901,39.00,31.67,52.46,31.67,52.46,1018.75,5.04,1,1,1,0.1
02201507192323,022016071902,38.00,31.67,52.46,31.67,52.46,1018.35,5.04,1,1,1,0.1
02201507192323,022016071903,39.00,26.55,51.73,31.67,60.58,1018.19,5.04,1,1,1,0.1
02201507192324,022016071904,40.00,26.55,51.63,26.55,59.79,1017.65,5.04,1,1,1,0.1
02201507192324,022016071905,2033.00,26.55,51.50,26.55,59.79,1017.48,5.04,1,1,1,0.1
02201507192325,022016071906,27755.00,31.67,52.46,26.55,59.79,1017.33,5.04,1,1,1,0.1
02201507192325,022016071907,65535.00,39.35,26.44,31.67,52.46,1017.48,5.04,1,1,1,0.1
02201507192325,022016071908,65535.00,52.15,12.05,39.35,33.87,1017.37,5.04,1,1,1,0.1
02201507192326,022016071909,65535.00,54.71,16.24,42.51,26.67,1017.22,5.04,1,1,1,0.1
02201507192326,022016071910,65535.00,57.27,15.02,46.55,26.97,1016.93,5.04,1,1,1,0.1
02201507192326,022016071911,65535.00,59.83,11.44,49.59,16.58,1016.45,5.04,1,1,1,0.1
02201507192327,022016071912,65535.00,54.71,16.78,45.43,26.87,1016.29,5.05,1,1,1,0.1
02201507192327,022016071913,65535.00,39.35,26.44,39.35,31.25,1015.70,5.04,1,1,1,0.1
02201507192327,022016071914,65535.00,36.79,30.38,36.79,27.30,1014.93,5.04,1,1,1,0.1
02201507192328,022016071915,62768.00,36.79,33.29,36.79,29.87,1014.63,5.04,1,1,1,0.1
02201507192328,022016071916,56701.00,36.79,35.01,36.79,33.29,1014.02,5.04,1,1,1,0.1
02201507192329,022016071917,50183.00,36.79,34.51,34.15,31.04,1013.34,5.04,1,1,1,0.1
02201507192329,022016071918,44430.00,34.07,31.82,33.59,26.99,1013.07,5.04,1,1,1,0.1
02201507192329,022016071919,39687.00,34.23,35.48,32.63,40.10,1012.79,5.04,1,1,1,1
02201507192330,022016071920,26978.00,31.67,41.79,31.67,52.46,1012.52,5.04,1,1,1,0.1
02201507192330,022016071921,4139.00,31.67,52.46,31.67,52.46,1012.15,5.04,1,1,1,0.1
02201507192330,022016071922,718.00,31.67,52.46,31.67,52.46,1011.88,5.04,1,1,1,0.1
02201507192331,022015071923,2413.00,26.55,43.39,26.55,43.39,1013.87,5.06,1,1,1,1
02201507192334,022016071900,39.00,31.67,52.46,31.67,52.46,1019.08,5.04,1,1,1,1
02201507192334,022016071901,39.00,31.67,52.46,31.67,52.46,1018.75,5.04,1,1,1,0.1
02201607261039,,,,,,,,,1,1,1,
02201607261039,,,,,,,,,1,1,1,
02201607261039,,,,,,,,,1,1,1,
02201607261039,,,,,,,,,1,1,1,
02201607261039,,,,,,,,,1,1,1,
02201607261039,,,,,,,,,1,1,1,
02201607261039,,,,,,,,,1,1,1,
02201607261039,,,,,,,,,1,1,1,
02201607261039,,,,,,,,,1,1,1,
02201607261039,,,,,,,,,1,1,1,
02201607261039,022016072610,7162.00,25.35,42.73,26.55,51.78,1016.46,5.04,1,1,1,0.1
02201607261039,,,,,,,,,1,1,1,0.1
02201607261039,,,,,,,,,1,1,1,0.1
02201607261039,,,,,,,,,1,1,1,0.1
02201607261039,,,,,,,,,1,1,1,0.1
02201607261039,,,,,,,,,1,1,1,0.1
02201607261039,,,,,,,,,1,1,1,0.1
02201607261039,,,,,,,,,1,1,1,0.1
02201607261039,,,,,,,,,1,1,1,0.1
02201607261039,,,,,,,,,1,1,1,0.1
02201607261039,,,,,,,,,1,1,1,0.1
02201607261039,,,,,,,,,1,1,1,0.1
02201607261039,,,,,,,,,1,1,1,0.1
02201607261039,,,,,,,,,1,1,1,0.1
02201607261042,,,,,,,,,1,1,1,0.1
02201607261042,,,,,,,,,1,1,1,0.1
02201607261042,,,,,,,,,1,1,1,0.1
02201607261042,,,,,,,,,1,1,1,0.1
02201607261042,,,,,,,,,1,1,1,0.1
02201607261042,,,,,,,,,1,1,1,0.1
02201607261042,,,,,,,,,1,1,1,0.1
02201607261042,,,,,,,,,1,1,1,0.1
02201607261042,,,,,,,,,1,1,1,0.1
02201607261042,,,,,,,,,1,1,1,0.1
02201607261043,022016072610,8146.00,25.29,38.39,26.55,43.39,1016.50,5.05,1,1,1,0.1
02201607261043,,,,,,,,,1,1,1,0.1
02201607261043,,,,,,,,,1,1,1,0.1
02201607261043,,,,,,,,,1,1,1,0.1
02201607261043,,,,,,,,,1,1,1,0.1
02201607261043,,,,,,,,,1,1,1,0.1
02201607261043,,,,,,,,,1,1,1,0.1
02201607261043,,,,,,,,,1,1,1,0.1
02201607261043,,,,,,,,,1,1,1,0.1
02201607261043,,,,,,,,,1,1,1,0.1
02201607261043,,,,,,,,,1,1,1,0.1
02201607261043,,,,,,,,,1,1,1,0.1
02201607261043,,,,,,,,,1,1,1,0.1
02201607261043,,,,,,,,,1,1,1,0.1
02201607261046,,,,,,,,,1,1,1,0.1
02201607261046,,,,,,,,,1,1,1,0.1
02201607261046,,,,,,,,,1,1,1,0.1
02201607261046,,,,,,,,,1,1,1,0.1
02201607261046,,,,,,,,,1,1,1,0.1
02201607261046,,,,,,,,,1,1,1,0.1
02201607261046,,,,,,,,,1,1,1,0.1
02201607261046,,,,,,,,,1,1,1,0.1
02201607261046,,,,,,,,,1,1,1,0.1
02201607261046,,,,,,,,,1,1,1,0.1
02201607261046,022016072610,8309.00,25.91,37.29,26.55,43.39,1016.46,5.04,1,1,1,0.1
02201607261046,,,,,,,,,1,1,1,0.1
02201607261046,,,,,,,,,1,1,1,0.1
02201607261046,,,,,,,,,1,1,1,0.1
02201607261046,,,,,,,,,1,1,1,0.1
02201607261046,,,,,,,,,1,1,1,0.1
02201607261046,,,,,,,,,1,1,1,0.1
02201607261046,,,,,,,,,1,1,1,0.1
02201607261046,,,,,,,,,1,1,1,0.1
02201607261047,,,,,,,,,1,1,1,0.1
02201607261047,,,,,,,,,1,1,1,0.1
02201607261047,,,,,,,,,1,1,1,0.1
02201607261047,,,,,,,,,1,1,1,0.1
02201607261047,,,,,,,,,1,1,1,0.1
02201607261049,,,,,,,,,1,1,1,
02201607261049,,,,,,,,,1,1,1,
02201607261049,,,,,,,,,1,1,1,
02201607261049,,,,,,,,,1,1,1,
02201607261049,,,,,,,,,1,1,1,
02201607261049,,,,,,,,,1,1,1,
02201607261049,,,,,,,,,1,1,1,
02201607261049,,,,,,,,,1,1,1,
02201607261049,,,,,,,,,1,1,1,
02201607261049,,,,,,,,,1,1,1,
02201607261049,022016072610,8181.00,25.91,37.01,26.55,43.39,1016.51,5.06,1,1,1,0.1
02201607261049,,,,,,,,,1,1,1,0.1
02201607261049,,,,,,,,,1,1,1,0.1
02201607261049,,,,,,,,,1,1,1,0.1
02201607261049,,,,,,,,,1,1,1,0.1
02201607261049,,,,,,,,,1,1,1,0.1
02201607261050,,,,,,,,,1,1,1,0.1
02201607261050,,,,,,,,,1,1,1,0.1
02201607261050,,,,,,,,,1,1,1,0.1
02201607261050,,,,,,,,,1,1,1,0.1
02201607261050,,,,,,,,,1,1,1,0.1
02201607261050,,,,,,,,,1,1,1,0.1
02201607261050,,,,,,,,,1,1,1,0.1
02201607261050,,,,,,,,,1,1,1,0.1
02201607192300,022016071900,39.00,31.67,52.46,31.67,52.46,1019.08,5.04,1,1,1,0.1
02201607192300,022016071901,39.00,31.67,52.46,31.67,52.46,1018.75,5.04,1,1,1,0.1
02201607192303,022016071900,39.00,31.67,52.46,31.67,52.46,1019.08,5.04,1,1,1,0.1
02201607192303,022016071901,39.00,31.67,52.46,31.67,52.46,1018.75,5.04,1,1,1,0.1
02201607192304,022016071902,38.00,31.67,52.46,31.67,52.46,1018.35,5.04,1,1,1,0.1
02201607192304,022016071903,39.00,26.55,51.73,31.67,60.58,1018.19,5.04,1,1,1,0.1
02201607192304,022016071904,40.00,26.55,51.63,26.55,59.79,1017.65,5.04,1,1,1,0.1
02201607192305,022016071905,2033.00,26.55,51.50,26.55,59.79,1017.48,5.04,1,1,1,0.1
02201607192305,022016071906,27755.00,31.67,52.46,26.55,59.79,1017.33,5.04,1,1,1,0.1
02201607192305,022016071907,65535.00,39.35,26.44,31.67,52.46,1017.48,5.04,1,1,1,0.1
02201607192306,022016071908,65535.00,52.15,12.05,39.35,33.87,1017.37,5.04,1,1,1,0.1
02201607192306,022016071909,65535.00,54.71,16.24,42.51,26.67,1017.22,5.04,1,1,1,0.1
02201607192307,022016071910,65535.00,57.27,15.02,46.55,26.97,1016.93,5.04,1,1,1,0.1
02201607192307,022016071911,65535.00,59.83,11.44,49.59,16.58,1016.45,5.04,1,1,1,0.1
02201607192307,022016071912,65535.00,54.71,16.78,45.43,26.87,1016.29,5.05,1,1,1,0.1
02201607192308,022016071913,65535.00,39.35,26.44,39.35,31.25,1015.70,5.04,1,1,1,0.1
02201607192308,022016071914,65535.00,36.79,30.38,36.79,27.30,1014.93,5.04,1,1,1,0.1
02201607192308,022016071915,62768.00,36.79,33.29,36.79,29.87,1014.63,5.04,1,1,1,0.1
02201607192309,022016071916,56701.00,36.79,35.01,36.79,33.29,1014.02,5.04,1,1,1,0.1
02201607192309,022016071917,50183.00,36.79,34.51,34.15,31.04,1013.34,5.04,1,1,1,0.1
02201607192309,022016071918,44430.00,34.07,31.82,33.59,26.99,1013.07,5.04,1,1,1,0.1
02201607192310,022016071919,39687.00,34.23,35.48,32.63,40.10,1012.79,5.04,1,1,1,0.1
02201607192310,022016071920,26978.00,31.67,41.79,31.67,52.46,1012.52,5.04,1,1,1,0.1
02201607192311,022016071921,4139.00,31.67,52.46,31.67,52.46,1012.15,5.04,1,1,1,0.1
02201607192311,022016071922,6504.00,25.31,38.87,26.55,51.78,1016.49,5.03,1,1,1,0.1
02201607192311,022016071923,5585.00,25.91,37.90,26.55,43.39,1016.45,5.04,1,1,1,0.1
02201607192315,022016071900,39.00,31.67,52.46,31.67,52.46,1019.08,5.04,1,1,1,0.1
02201607192315,022016071901,39.00,31.67,52.46,31.67,52.46,1018.75,5.04,1,1,1,0.1
02201607192316,022016071902,38.00,31.67,52.46,31.67,52.46,1018.35,5.04,1,1,1,0.1
02201607192316,022016071903,39.00,26.55,51.73,31.67,60.58,1018.19,5.04,1,1,1,1
02201607192316,022016071904,40.00,26.55,51.63,26.55,59.79,1017.65,5.04,1,1,1,0.1
02201607192317,022016071905,2033.00,26.55,51.50,26.55,59.79,1017.48,5.04,1,1,1,0.1
02201607192317,022016071906,27755.00,31.67,52.46,26.55,59.79,1017.33,5.04,1,1,1,0.1
02201607192317,022016071907,65535.00,39.35,26.44,31.67,52.46,1017.48,5.04,1,1,1,1
02201607192318,022016071908,65535.00,52.15,12.05,39.35,33.87,1017.37,5.04,1,1,1,0.1
02201607192318,022016071909,65535.00,54.71,16.24,42.51,26.67,1017.22,5.04,1,1,1,0.1
02201607192319,022016071910,65535.00,57.27,15.02,46.55,26.97,1016.93,5.04,1,1,1,0.1
02201607192319,022016071911,65535.00,59.83,11.44,49.59,16.58,1016.45,5.04,1,1,1,0.1
02201607192319,022016071912,65535.00,54.71,16.78,45.43,26.87,1016.29,5.05,1,1,1,0.1
02201607192320,022016071913,65535.00,39.35,26.44,39.35,31.25,1015.70,5.04,1,1,1,0.1
02201607192320,022016071914,65535.00,36.79,30.38,36.79,27.30,1014.93,5.04,1,1,1,0.1
02201607192320,022016071915,62768.00,36.79,33.29,36.79,29.87,1014.63,5.04,1,1,1,0.1
02201607192321,022016071916,56701.00,36.79,35.01,36.79,33.29,1014.02,5.04,1,1,1,0.1
02201607192321,022016071917,50183.00,36.79,34.51,34.15,31.04,1013.34,5.04,1,1,1,0.1
02201607192321,022016071918,44430.00,34.07,31.82,33.59,26.99,1013.07,5.04,1,1,1,0.1
02201607192322,022016071919,39687.00,34.23,35.48,32.63,40.10,1012.79,5.04,1,1,1,0.1
02201607192322,022016071920,26978.00,31.67,41.79,31.67,52.46,1012.52,5.04,1,1,1,0.1
02201607192323,022016071921,4139.00,31.67,52.46,31.67,52.46,1012.15,5.04,1,1,1,0.1
02201607192323,022016071922,6504.00,25.31,38.87,26.55,51.78,1016.49,5.03,1,1,1,0.1
02201607261129,,,,,,,,,1,1,1,
02201607261129,,,,,,,,,1,1,1,
02201607261129,,,,,,,,,1,1,1,
02201607261129,,,,,,,,,1,1,1,
02201607261138,,,,,,,,,1,1,1,
02201607261138,,,,,,,,,1,1,1,
02201607261138,,,,,,,,,1,1,1,
02201607261138,,,,,,,,,1,1,1,
02201607261141,,,,,,,,,1,1,1,
02201607261141,,,,,,,,,1,1,1,
02201607261141,,,,,,,,,1,1,1,
02201607261141,,,,,,,,,1,1,1,
02201607261144,,,,,,,,,1,1,1,
02201607261144,,,,,,,,,1,1,1,
02201607261144,,,,,,,,,1,1,1,
02201607261144,,,,,,,,,1,1,1,
02201607261147,,,,,,,,,1,1,1,
02201607261147,,,,,,,,,1,1,1,
02201607261147,,,,,,,,,1,1,1,
02201607261147,,,,,,,,,1,1,1,
02201607261150,,,,,,,,,1,1,1,
02201607261150,,,,,,,,,1,1,1,
02201607261150,,,,,,,,,1,1,1,
02201607261150,,,,,,,,,1,1,1,
02201607261153,,,,,,,,,1,1,1,
02201607261153,,,,,,,,,1,1,1,
02201607261153,,,,,,,,,1,1,1,
02201607261153,,,,,,,,,1,1,1,
02201607261156,,,,,,,,,1,1,1,
02201607261156,,,,,,,,,1,1,1,
02201607261156,,,,,,,,,1,1,1,
02201607261156,,,,,,,,,1,1,1,
02201607261159,,,,,,,,,1,1,1,
02201607261159,,,,,,,,,1,1,1,
02201607261159,,,,,,,,,1,1,1,
02201607261159,,,,,,,,,1,1,1,
02201607261202,,,,,,,,,1,1,1,
02201607261202,,,,,,,,,1,1,1,
02201607261202,,,,,,,,,1,1,1,
02201607261202,,,,,,,,,1,1,1,
02201607262310,,,,,,,,,1,1,1,
02201607262310,,,,,,,,,1,1,1,
02201607262310,,,,,,,,,1,1,1,
02201607262310,,,,,,,,,1,1,1,
02201607262310,,,,,,,,,1,1,1,
02201607262310,,,,,,,,,1,1,1,
02201607262310,,,,,,,,,1,1,1,
02201607262310,,,,,,,,,1,1,1,
02201607262310,,,,,,,,,1,1,1,
02201607262310,,,,,,,,,1,1,1,
02201607262310,022016072610,8158.00,26.01,37.15,26.55,43.39,1016.52,5.04,1,1,1,0.1
02201607262311,022016072612,4921.00,31.67,43.70,31.67,43.97,1016.18,5.06,1,1,1,0.1
02201607262311,,,,,,,,,1,1,1,0.1
02201607262311,022016072613,0.00,26.55,51.60,26.55,51.78,1022.77,5.04,1,1,1,0.1
02201607262312,022016072614,3.00,31.67,52.46,31.67,52.46,1019.84,5.05,1,1,1,0.1
02201607262312,022016072615,65535.00,31.67,33.98,31.67,43.97,1019.74,5.04,1,1,1,0.1
02201607262312,022016072616,56790.00,26.55,41.17,26.55,43.39,1019.46,5.04,1,1,1,0.1
02201607262313,022016072617,150.00,26.39,38.55,26.55,43.39,1019.39,5.04,1,1,1,0.1
02201607262313,022016072618,65535.00,21.93,51.17,21.43,93.06,1019.08,5.05,1,1,1,0.1
02201607262313,022016072619,65535.00,23.67,51.40,21.43,93.06,1018.74,5.05,1,1,1,0.1
02201607262314,022016072620,8898.00,22.73,51.28,21.43,93.06,1018.58,5.05,1,1,1,0.1
02201607262314,022016072621,583.00,22.13,59.11,21.43,93.06,1018.74,5.04,1,1,1,0.1
02201607262314,022016072622,16.00,21.43,59.01,21.43,93.06,1018.55,5.04,1,1,1,0.1
02201607262315,022016072623,15.00,21.43,59.01,21.43,93.06,1018.26,5.04,1,1,1,0.1
02201607272310,022016072700,16.00,21.43,59.01,21.43,93.06,1017.77,5.04,1,1,1,1
02201607272310,022016072701,14.00,21.43,59.01,21.43,93.06,1017.43,5.03,1,1,1,0.1
02201607272311,022016072702,13.00,21.43,59.01,21.43,93.06,1017.18,5.03,1,1,1,0.1
02201607272311,022016072703,13.00,21.43,59.25,21.43,93.06,1016.45,5.04,1,1,1,1
02201607272311,022016072704,15.00,21.43,59.01,21.43,93.06,1015.94,5.04,1,1,1,0.1
02201607272312,022016072705,186.00,21.43,59.01,21.43,93.06,1015.23,5.04,1,1,1,0.1
02201607272312,022016072706,9280.00,21.43,59.01,21.43,93.06,1014.90,5.04,1,1,1,0.1
02201607272313,022016072707,21751.00,21.43,59.01,21.43,93.06,1014.48,5.03,1,1,1,0.1
02201607272313,022016072708,65535.00,21.43,62.94,21.43,93.06,1014.43,5.03,1,1,1,0.1
02201607272313,022016072709,65535.00,21.43,66.49,21.43,98.76,1014.39,5.03,1,1,1,0.1
02201607272314,022016072710,65535.00,21.43,64.70,-22.09,86.04,1014.24,5.02,1,1,1,0.1
02201607272314,022016072711,65535.00,21.43,63.00,36.79,36.65,1014.29,5.03,1,1,1,0.1
02201607272314,022016072712,62043.00,21.43,61.40,21.43,93.06,1014.29,5.03,1,1,1,0.1
02201607272315,022016072713,65535.00,21.43,59.01,21.43,93.06,1014.23,5.03,1,1,1,0.1
02201607272315,022016072714,65535.00,21.43,59.01,21.43,93.06,1014.38,5.03,1,1,1,0.1
02201607272316,022016072715,65535.00,23.99,59.30,22.69,93.39,1013.96,5.04,1,1,1,0.1
02201607272316,022016072716,65535.00,23.99,51.27,23.99,93.71,1013.73,5.03,1,1,1,0.1
02201607272316,022016072717,65535.00,24.77,51.54,23.67,93.71,1013.61,5.03,1,1,1,1
02201607272317,022016072718,59996.00,24.95,51.57,23.99,93.71,1013.20,5.03,1,1,1,0.1
02201607272317,022016072719,20068.00,23.99,51.35,23.99,93.71,1013.28,5.03,1,1,1,0.1
02201607272317,022016072720,3113.00,23.99,59.33,23.99,93.71,1013.43,5.03,1,1,1,0.1
02201607272318,022016072721,578.00,23.99,59.08,21.43,93.06,1013.63,5.03,1,1,1,1
02201607272318,022016072722,18.00,21.57,59.03,21.43,93.06,1014.01,5.03,1,1,1,0.1
02201607272318,022016072723,18.00,21.43,51.10,21.43,93.06,1014.55,5.03,1,1,1,0.1
02201607282310,022016072800,17.00,21.43,59.01,21.43,93.06,1014.56,5.02,1,1,1,1
02201607282311,022016072801,15.00,21.43,59.01,21.43,93.06,1014.49,5.02,1,1,1,0.1
02201607282311,022016072802,14.00,21.43,51.10,21.43,93.06,1014.50,5.02,1,1,1,0.1
02201607282311,022016072803,15.00,21.43,59.01,21.43,97.37,1014.48,5.02,1,1,1,0.1
02201607282312,022016072804,15.00,21.43,51.10,21.43,93.33,1014.58,5.02,1,1,1,0.1
02201607282312,022016072805,400.00,21.43,59.01,21.43,94.15,1014.38,5.02,1,1,1,0.1
02201607282312,022016072806,28680.00,21.43,59.01,21.43,94.15,1014.33,5.02,1,1,1,0.1
02201607282313,022016072807,48717.00,21.43,51.10,21.43,93.79,1014.38,5.02,1,1,1,0.1
02201607282313,022016072808,64518.00,21.43,59.01,21.43,93.79,1014.42,5.00,1,1,1,1
02201607282314,022016072809,65535.00,21.43,51.10,21.43,93.06,1014.50,5.02,1,1,1,0.1
02201607282314,022016072810,65535.00,21.93,51.17,21.43,93.06,1014.37,5.02,1,1,1,0.1
02201607282314,022016072811,65535.00,23.35,51.35,21.43,93.06,1013.96,5.02,1,1,1,0.1
02201607282315,022016072812,65535.00,23.99,51.23,21.43,93.06,1013.51,5.02,1,1,1,0.1
02201607282315,022016072813,65535.00,26.55,41.00,22.63,93.38,1013.24,5.01,1,1,1,0.1
02201607282315,022016072814,65535.00,22.39,51.22,21.75,93.15,1012.91,5.02,1,1,1,0.1
02201607282316,022016072815,65535.00,22.41,51.24,21.43,93.06,1012.93,5.02,1,1,1,0.1
02201607282316,022016072816,65535.00,21.77,51.15,21.43,93.06,1012.71,5.02,1,1,1,1
02201607282316,022016072817,53010.00,21.43,59.01,21.43,93.06,1012.18,5.02,1,1,1,0.1
02201607282317,022016072818,65535.00,21.43,59.01,21.43,93.06,1011.71,5.02,1,1,1,0.1
02201607282317,022016072819,65535.00,21.43,59.01,21.43,93.06,1011.31,5.02,1,1,1,0.1
02201607282318,022016072820,22747.00,21.43,66.09,21.43,94.15,1011.12,5.02,1,1,1,0.1
02201607282318,022016072821,1361.00,21.43,63.24,21.43,94.47,1011.24,5.02,1,1,1,0.1
02201607282318,022016072822,14.00,21.43,62.06,21.43,94.88,1011.03,5.02,1,1,1,0.1
02201607282319,022016072823,14.00,21.43,64.70,21.43,94.83,1010.85,5.02,1,1,1,0.1
02201607292310,022016072900,17.00,21.43,65.63,21.43,94.70,1010.89,5.03,1,1,1,1
02201607292310,022016072901,17.00,21.43,62.00,21.43,94.88,1010.60,5.03,1,1,1,0.1
02201607292311,022016072902,17.00,21.43,59.97,21.43,94.88,1010.22,5.03,1,1,1,0.1
02201607292311,022016072903,15.00,21.43,65.63,21.43,95.60,1010.19,5.03,1,1,1,1
02201607292312,022016072904,18.00,21.43,64.70,21.43,95.60,1009.77,5.03,1,1,1,0.1
02201607292312,022016072905,213.00,21.43,63.12,21.43,95.87,1009.72,5.03,1,1,1,0.1
02201607292312,022016072906,18191.00,21.43,66.09,21.43,96.13,1009.66,5.03,1,1,1,0.1
02201607292313,022016072907,32139.00,21.43,60.45,21.43,96.00,1010.00,5.03,1,1,1,0.1
02201607292313,022016072908,47687.00,21.43,59.01,21.43,95.60,1010.09,5.03,1,1,1,0.1
02201607292313,022016072909,65535.00,21.43,59.01,21.43,95.24,1010.10,5.03,1,1,1,0.1
02201607292314,022016072910,65535.00,21.43,59.01,21.43,94.88,1010.05,5.03,1,1,1,0.1
02201607292314,022016072911,55121.00,21.43,59.01,21.43,93.97,1010.30,5.03,1,1,1,0.1
02201607292314,022016072912,65535.00,21.43,59.01,21.43,93.06,1009.99,5.03,1,1,1,0.1
02201607292315,022016072913,65535.00,23.99,51.26,21.43,93.06,1009.84,5.03,1,1,1,0.1
02201607292315,022016072914,65535.00,23.99,51.23,21.43,93.06,1009.72,5.04,1,1,1,0.1
02201607292316,022016072915,65535.00,23.35,51.35,21.43,93.06,1009.86,5.04,1,1,1,0.1
02201607292316,022016072916,59464.00,23.67,51.39,21.43,93.06,1009.75,5.03,1,1,1,0.1
02201607292316,022016072917,65535.00,21.43,59.01,21.43,93.06,1009.68,5.03,1,1,1,0.1
02201607292317,022016072918,65535.00,23.99,51.39,21.43,93.06,1009.60,5.04,1,1,1,0.1
02201607292317,022016072919,25204.00,21.79,51.15,21.43,93.06,1009.75,5.03,1,1,1,0.1
02201607292317,022016072920,20845.00,21.43,51.10,21.43,93.06,1009.85,5.03,1,1,1,0.1
02201607292318,022016072921,332.00,21.43,59.01,21.43,93.06,1010.27,5.03,1,1,1,0.1
02201607292318,022016072922,19.00,21.43,59.01,21.43,93.06,1010.84,5.03,1,1,1,1
02201607292318,022016072923,14.00,21.43,51.10,21.43,93.06,1011.22,5.03,1,1,1,0.1
02201607302311,022016073000,15.00,21.43,51.10,21.43,93.06,1011.31,5.02,1,1,1,0.1
02201607302311,022016073001,16.00,21.43,59.01,21.43,93.06,1011.31,5.02,1,1,1,0.1
02201607302311,022016073002,15.00,21.43,59.01,21.43,93.06,1011.33,5.02,1,1,1,0.1
02201607302312,022016073003,18.00,21.43,59.01,21.43,93.06,1011.58,5.02,1,1,1,0.1
02201607302312,022016073004,16.00,21.43,59.01,21.43,93.10,1011.40,5.02,1,1,1,0.1
02201607302312,022016073005,309.00,21.43,59.01,21.43,93.47,1011.67,5.02,1,1,1,0.1
02201607302313,022016073006,18000.00,21.43,59.01,21.43,94.38,1011.75,5.02,1,1,1,0.1
02201607302313,022016073007,23155.00,21.43,59.01,21.43,93.97,1012.11,5.02,1,1,1,0.1
02201607302313,022016073008,50866.00,21.43,59.01,21.43,93.52,1012.22,5.02,1,1,1,0.1
02201607302314,022016073009,65535.00,21.43,59.01,21.43,93.06,1012.47,5.02,1,1,1,0.1
02201607302314,022016073010,65535.00,21.43,51.10,21.43,93.06,1012.71,5.02,1,1,1,0.1
02201607302315,022016073011,65535.00,21.43,51.10,21.43,93.06,1012.92,5.02,1,1,1,1
02201607302315,022016073012,65535.00,21.99,51.18,21.43,93.06,1012.93,5.02,1,1,1,0.1
02201607302315,022016073013,65535.00,23.91,51.43,21.43,93.06,1012.73,5.02,1,1,1,0.1
02201607302316,022016073014,65535.00,23.99,42.66,21.53,93.09,1012.71,4.99,1,1,1,0.1
02201607302316,022016073015,65535.00,23.99,40.90,22.17,93.30,1012.64,5.02,1,1,1,0.1
02201607302316,022016073016,65535.00,23.99,38.64,22.47,93.34,1012.46,5.03,1,1,1,0.1
02201607302317,022016073017,65535.00,23.35,42.05,21.43,93.06,1012.77,5.02,1,1,1,0.1
02201607302317,022016073018,65535.00,23.93,41.30,21.43,93.06,1012.69,5.02,1,1,1,0.1
02201607302317,022016073019,65535.00,23.83,36.67,21.43,93.06,1012.61,5.02,1,1,1,0.1
02201607302318,022016073020,25931.00,23.01,40.86,21.43,93.06,1012.78,5.02,1,1,1,1
02201607302318,022016073021,890.00,21.43,42.62,21.43,93.06,1013.28,5.02,1,1,1,0.1
02201607302319,022016073022,18.00,21.43,51.10,21.43,93.06,1013.72,5.02,1,1,1,0.1
02201607302319,022016073023,17.00,21.43,51.10,21.43,93.06,1013.94,5.02,1,1,1,0.1
02201607312310,022016073100,23.00,21.43,51.10,21.43,93.06,1014.06,5.02,1,1,1,1
02201607312311,022016073101,17.00,21.43,51.10,21.43,93.06,1014.45,5.02,1,1,1,0.1
02201607312311,022016073102,16.00,21.43,51.10,21.43,93.06,1014.45,5.02,1,1,1,0.1
02201607312311,022016073103,16.00,21.43,51.10,21.43,93.06,1014.36,5.02,1,1,1,0.1
02201607312312,022016073104,17.00,21.43,59.01,21.43,93.15,1014.73,5.02,1,1,1,0.1
02201607312312,022016073105,187.00,21.43,51.10,21.43,93.15,1014.88,5.02,1,1,1,0.1
02201607312312,022016073106,5374.00,21.43,51.10,21.43,93.06,1014.99,5.02,1,1,1,0.1
02201607312313,022016073107,26661.00,21.43,51.10,21.43,93.06,1015.48,5.02,1,1,1,0.1
02201607312313,022016073108,65535.00,21.43,51.10,21.43,93.06,1015.97,5.02,1,1,1,0.1
02201607312314,022016073109,65535.00,21.43,51.10,21.43,93.06,1016.01,5.02,1,1,1,0.1
02201607312314,022016073110,65535.00,22.39,51.23,21.43,93.06,1016.08,5.02,1,1,1,0.1
02201607312314,022016073111,65535.00,21.43,51.10,21.43,93.06,1016.09,5.02,1,1,1,0.1
02201607312315,022016073112,65535.00,23.67,38.84,21.43,93.06,1016.18,5.02,1,1,1,1
02201607312315,022016073113,65535.00,22.23,42.37,21.43,93.06,1016.20,5.02,1,1,1,0.1
02201607312315,022016073114,65535.00,23.99,37.71,21.43,93.06,1016.33,5.00,1,1,1,0.1
02201607312316,022016073115,65535.00,26.55,39.82,22.55,93.35,1016.49,5.02,1,1,1,0.1
02201607312316,022016073116,65535.00,23.99,42.97,21.91,93.18,1016.50,5.00,1,1,1,0.1
02201607312316,022016073117,65535.00,23.99,35.23,21.81,93.18,1016.47,5.02,1,1,1,0.1
02201607312317,022016073118,33649.00,23.45,41.04,21.43,93.06,1016.63,5.02,1,1,1,0.1
02201607312317,022016073119,65535.00,23.69,40.93,21.43,93.06,1016.52,5.02,1,1,1,0.1
02201607312318,022016073120,14887.00,22.73,39.15,21.43,93.06,1016.68,5.02,1,1,1,0.1
02201607312318,022016073121,703.00,21.91,42.00,21.43,93.06,1016.86,5.02,1,1,1,0.1
02201607312318,022016073122,19.00,21.43,51.10,21.43,93.06,1017.27,5.02,1,1,1,0.1
02201607312319,022016073123,18.00,21.43,51.10,21.43,93.06,1017.50,5.02,1,1,1,0.1
02201608012310,022016080100,19.00,21.43,51.10,21.43,93.06,1017.81,5.02,1,1,1,1
02201608012311,022016080101,17.00,21.43,51.10,21.43,93.06,1018.11,5.02,1,1,1,0.1
02201608012311,022016080102,17.00,21.43,51.10,21.43,93.06,1018.15,5.02,1,1,1,0.1
02201608012311,022016080103,19.00,21.43,51.10,21.43,93.06,1018.29,5.02,1,1,1,0.1
02201608012312,022016080104,18.00,21.43,51.10,21.43,93.06,1018.38,5.02,1,1,1,0.1
02201608012312,022016080105,159.00,21.43,51.10,21.43,93.06,1018.25,5.02,1,1,1,0.1
02201608012312,022016080106,18744.00,21.43,51.10,21.43,93.06,1018.36,5.02,1,1,1,0.1
02201608012313,022016080107,41523.00,21.43,51.10,21.43,93.06,1018.69,5.02,1,1,1,0.1
02201608012313,022016080108,65535.00,21.43,51.10,21.43,93.06,1018.62,5.02,1,1,1,0.1
02201608012314,022016080109,65535.00,21.43,51.10,21.43,93.06,1018.79,5.02,1,1,1,0.1
02201608012314,022016080110,65535.00,21.43,51.10,21.43,93.06,1019.12,4.99,1,1,1,0.1
02201608012314,022016080111,65535.00,21.43,51.10,21.43,93.06,1019.22,5.02,1,1,1,0.1
02201608012315,022016080112,65535.00,21.43,51.10,21.43,93.06,1018.85,5.02,1,1,1,0.1
02201608012315,022016080113,65535.00,21.43,51.10,21.43,93.06,1018.55,5.02,1,1,1,0.1
02201608012315,022016080114,65535.00,21.43,51.10,21.43,93.06,1018.38,5.02,1,1,1,0.1
02201608012316,022016080115,65535.00,21.43,51.10,21.43,93.06,1018.28,5.02,1,1,1,0.1
02201608012316,022016080116,65535.00,21.43,51.10,21.43,93.06,1018.03,5.02,1,1,1,0.1
02201608012316,022016080117,65535.00,21.43,51.10,21.43,93.06,1017.46,5.02,1,1,1,0.1
02201608012317,022016080118,59500.00,21.43,51.10,21.43,93.06,1017.02,5.02,1,1,1,1
02201608012317,022016080119,15477.00,21.43,62.71,21.43,94.74,1016.71,4.98,1,1,1,0.1
02201608012317,022016080120,9917.00,21.43,64.70,21.43,96.13,1016.01,4.98,1,1,1,0.1
02201608012318,022016080121,207.00,21.43,66.09,21.43,97.37,1015.35,4.98,1,1,1,0.1
02201608012318,022016080122,22.00,21.43,66.72,21.43,97.46,1014.82,4.99,1,1,1,0.1
02201608012319,022016080123,21.00,21.43,67.92,21.43,98.07,1013.93,4.99,1,1,1,0.1
02201608022310,022016080200,19.00,21.43,68.61,21.43,98.42,1012.71,5.02,1,1,1,1
02201608022310,022016080201,19.00,21.43,69.28,21.43,98.51,1011.51,5.02,1,1,1,0.1
02201608022311,022016080202,20.00,21.43,69.74,21.43,98.76,1010.51,5.02,1,1,1,0.1
02201608022311,022016080203,20.00,21.43,69.51,21.43,98.24,1009.64,5.02,1,1,1,0.1
02201608022312,022016080204,19.00,21.43,68.61,21.43,97.63,1009.21,5.02,1,1,1,0.1
02201608022312,022016080205,64.00,21.43,68.38,21.43,97.72,1008.80,5.02,1,1,1,0.1
02201608022312,022016080206,5406.00,21.43,68.38,21.43,97.55,1008.62,5.03,1,1,1,0.1
02201608022313,022016080207,21201.00,21.43,68.15,21.43,97.37,1008.76,5.03,1,1,1,0.1
02201608022313,022016080208,65535.00,21.43,67.30,21.43,97.37,1008.87,5.03,1,1,1,0.1
02201608022313,022016080209,65535.00,21.43,65.63,21.43,96.53,1008.97,5.03,1,1,1,0.1
02201608022314,022016080210,65535.00,21.43,64.70,21.43,96.13,1008.99,5.03,1,1,1,0.1
02201608022314,022016080211,65535.00,21.43,63.30,21.43,95.87,1009.13,5.03,1,1,1,0.1
02201608022314,022016080212,65535.00,21.43,63.53,21.43,95.60,1009.11,5.03,1,1,1,0.1
02201608022315,022016080213,65535.00,21.43,65.80,21.43,95.60,1009.30,5.03,1,1,1,0.1
02201608022315,022016080214,65535.00,21.43,64.70,21.43,95.42,1009.16,5.03,1,1,1,0.1
02201608022316,022016080215,65535.00,21.43,62.35,21.43,104.11,1009.31,5.03,1,1,1,0.1
02201608022316,022016080216,65535.00,21.43,62.35,21.43,95.24,1009.27,5.04,1,1,1,0.1
02201608022316,022016080217,42554.00,21.43,67.47,21.43,104.11,1009.16,5.03,1,1,1,0.1
02201608022317,022016080218,65535.00,21.43,59.91,21.43,98.76,1009.05,5.04,1,1,1,0.1
02201608022317,022016080219,20388.00,21.43,66.49,21.43,98.76,1008.79,5.04,1,1,1,0.1
02201608022317,022016080220,14090.00,21.43,60.09,21.43,98.76,1009.06,5.03,1,1,1,0.1
02201608022318,022016080221,145.00,21.43,64.76,21.43,98.76,1009.20,5.03,1,1,1,0.1
02201608022318,022016080222,15.00,21.43,62.71,21.43,98.76,1009.25,5.03,1,1,1,0.1
02201608022318,022016080223,14.00,21.43,62.00,21.43,98.76,1009.03,5.03,1,1,1,0.1
02201608032310,022016080300,14.00,21.43,60.45,21.43,93.06,1009.02,5.03,1,1,1,0.1
02201608032311,022016080301,13.00,21.43,61.05,21.43,93.06,1008.18,5.03,1,1,1,0.1
02201608032311,022016080302,14.00,21.43,60.45,21.43,93.06,1008.09,5.03,1,1,1,0.1
02201608032311,022016080303,13.00,21.43,59.73,21.43,93.06,1007.53,5.03,1,1,1,0.1
02201608032312,022016080304,14.00,21.43,59.73,21.43,98.76,1007.18,5.03,1,1,1,0.1
02201608032312,022016080305,26.00,21.43,59.01,21.43,93.06,1006.92,5.03,1,1,1,1
02201608032312,022016080306,6790.00,21.43,59.01,21.43,93.06,1006.76,5.03,1,1,1,0.1
02201608032313,022016080307,25174.00,21.43,59.01,21.43,93.06,1006.78,5.03,1,1,1,0.1
02201608032313,022016080308,57689.00,21.43,59.01,21.43,93.06,1007.16,5.03,1,1,1,0.1
02201608032313,022016080309,65535.00,21.43,51.10,21.43,93.06,1007.65,5.04,1,1,1,0.1
02201608032314,022016080310,65535.00,21.43,51.10,21.43,93.06,1007.42,5.03,1,1,1,0.1
02201608032314,022016080311,65535.00,23.35,51.35,21.43,93.06,1007.40,5.03,1,1,1,1
02201608032314,022016080312,65535.00,23.35,51.35,21.43,93.06,1007.09,5.03,1,1,1,0.1
02201608032315,022016080313,65535.00,22.39,51.22,23.99,93.71,1006.93,5.04,1,1,1,0.1
02201608032315,022016080314,65535.00,23.95,51.44,23.99,93.71,1006.47,5.04,1,1,1,0.1
02201608032316,022016080315,65535.00,25.47,51.64,23.99,93.71,1006.25,5.04,1,1,1,0.1
02201608032316,022016080316,65535.00,24.39,51.50,23.99,81.09,1005.93,5.04,1,1,1,0.1
02201608032316,022016080317,65535.00,23.83,51.42,23.99,81.09,1005.54,5.00,1,1,1,0.1
02201608032317,022016080318,65535.00,22.39,51.22,23.99,81.09,1005.24,5.00,1,1,1,0.1
02201608032317,022016080319,65535.00,22.83,51.29,21.43,93.06,1005.59,5.00,1,1,1,0.1
02201608032317,022016080320,12607.00,21.43,51.10,21.43,93.06,1005.93,5.00,1,1,1,0.1
02201608032318,022016080321,446.00,21.43,51.10,21.43,93.06,1006.36,5.00,1,1,1,0.1
02201608032318,022016080322,11.00,21.43,59.01,21.43,93.06,1006.62,4.99,1,1,1,0.1
02201608032318,022016080323,15.00,21.43,59.01,21.43,93.06,1007.01,5.00,1,1,1,0.1
02201608042310,022016080400,11.00,21.43,59.01,21.43,93.06,1007.08,5.00,1,1,1,1
02201608042310,022016080401,11.00,21.43,59.01,21.43,93.06,1007.19,5.00,1,1,1,0.1
02201608042311,022016080402,11.00,21.43,59.01,21.43,93.06,1006.89,5.00,1,1,1,0.1
02201608042311,022016080403,13.00,21.43,59.01,21.43,93.06,1006.77,5.00,1,1,1,0.1
02201608042312,022016080404,13.00,21.43,59.01,21.43,93.06,1006.86,5.00,1,1,1,0.1
02201608042312,022016080405,99.00,21.43,59.01,21.43,93.06,1006.87,5.00,1,1,1,1
02201608042312,022016080406,8243.00,21.43,59.01,21.43,93.06,1007.10,5.00,1,1,1,0.1
02201608042313,022016080407,32025.00,21.43,59.01,21.43,93.06,1007.52,5.00,1,1,1,0.1
02201608042313,022016080408,44281.00,21.43,59.01,21.43,93.06,1007.61,5.00,1,1,1,0.1
02201608042313,022016080409,65535.00,21.43,51.10,21.43,93.06,1007.92,5.00,1,1,1,0.1
02201608042314,022016080410,65535.00,21.43,51.10,21.43,93.06,1008.23,5.00,1,1,1,0.1
02201608042314,022016080411,65535.00,21.43,51.10,21.43,93.06,1008.04,5.00,1,1,1,0.1
02201608042314,022016080412,65535.00,22.81,51.29,21.43,80.54,1008.14,5.00,1,1,1,0.1
02201608042315,022016080413,65535.00,23.75,51.41,21.43,80.54,1008.12,5.00,1,1,1,0.1
02201608042315,022016080414,65535.00,21.63,51.13,23.99,81.09,1008.15,5.00,1,1,1,0.1
02201608042316,022016080415,65535.00,22.39,51.22,23.99,81.09,1008.50,5.00,1,1,1,0.1
02201608042316,022016080416,65535.00,22.99,51.31,23.99,74.22,1008.64,5.00,1,1,1,0.1
02201608042316,022016080417,65535.00,22.57,42.41,23.99,74.22,1008.78,5.00,1,1,1,0.1
02201608042317,022016080418,65535.00,22.65,41.35,23.99,74.22,1009.37,5.00,1,1,1,0.1
02201608042317,022016080419,57057.00,23.67,51.39,23.99,74.22,1010.31,5.00,1,1,1,0.1
02201608042317,022016080420,11998.00,21.53,51.11,21.43,73.73,1011.20,5.00,1,1,1,0.1
02201608042318,022016080421,400.00,21.43,51.10,21.43,80.54,1011.84,5.00,1,1,1,0.1
02201608042318,022016080422,13.00,21.43,51.10,21.43,80.54,1012.54,5.00,1,1,1,0.1
02201608042318,022016080423,12.00,21.43,51.10,21.43,80.54,1013.07,5.00,1,1,1,0.1
02201608052310,022016080500,12.00,21.43,51.10,21.43,93.06,1013.67,5.00,1,1,1,1
02201608052310,022016080501,11.00,21.43,59.01,21.43,93.06,1013.99,5.00,1,1,1,0.1
02201608052311,022016080502,11.00,21.43,59.01,21.43,93.06,1014.33,5.00,1,1,1,0.1
02201608052311,022016080503,11.00,21.43,59.01,21.43,93.06,1014.99,5.00,1,1,1,0.1
02201608052312,022016080504,11.00,21.43,59.01,21.43,93.06,1015.50,5.00,1,1,1,0.1
02201608052312,022016080505,68.00,21.43,59.01,21.43,93.06,1016.08,5.00,1,1,1,0.1
02201608052312,022016080506,5832.00,21.43,59.01,21.43,93.06,1016.77,5.00,1,1,1,0.1
02201608052313,022016080507,26857.00,21.43,59.01,36.79,93.06,1017.13,5.00,1,1,1,0.1
02201608052313,022016080508,65535.00,21.43,59.01,21.43,93.06,1017.80,5.00,1,1,1,0.1
02201608052313,022016080509,65535.00,21.43,51.10,21.43,93.06,1018.51,5.00,1,1,1,0.1
02201608052314,022016080510,65535.00,21.43,51.10,21.43,80.54,1018.91,5.00,1,1,1,0.1
02201608052314,022016080511,65535.00,22.39,51.22,21.43,73.73,1019.16,5.01,1,1,1,0.1
02201608052314,022016080512,65535.00,21.75,41.80,23.99,74.22,1019.50,5.01,1,1,1,0.1
02201608052315,022016080513,65535.00,23.35,40.90,23.99,74.22,1019.54,5.01,1,1,1,0.1
02201608052315,022016080514,65535.00,24.95,41.11,23.99,67.00,1019.80,5.00,1,1,1,0.1
02201608052316,022016080515,65535.00,25.19,38.38,26.55,67.44,1019.69,5.00,1,1,1,0.1
02201608052316,022016080516,65535.00,26.23,41.68,23.99,67.00,1019.71,5.00,1,1,1,0.1
02201608052316,022016080517,65535.00,23.67,51.39,21.43,80.54,1019.79,5.00,1,1,1,0.1
02201608052317,022016080518,65535.00,22.85,51.29,23.99,81.09,1019.76,5.00,1,1,1,0.1
02201608052317,022016080519,36100.00,23.41,51.37,23.99,81.09,1019.87,5.00,1,1,1,0.1
02201608052317,022016080520,23119.00,22.19,51.20,23.99,81.09,1020.43,5.00,1,1,1,0.1
02201608052318,022016080521,181.00,22.91,51.30,23.99,81.09,1021.22,5.00,1,1,1,0.1
02201608052318,022016080522,11.00,21.79,51.16,21.43,80.54,1021.76,5.00,1,1,1,0.1
02201608052318,022016080523,11.00,21.43,51.10,21.43,80.54,1022.12,5.00,1,1,1,0.1
02201608062310,022016080600,11.00,21.43,51.10,21.43,80.54,1022.68,5.00,1,1,1,1
02201608062311,022016080601,10.00,21.43,51.10,21.43,93.06,1022.85,5.00,1,1,1,0.1
02201608062311,022016080602,10.00,21.43,51.10,21.43,93.06,1023.05,5.00,1,1,1,0.1
02201608062312,022016080603,11.00,21.43,51.10,21.43,93.06,1023.25,5.00,1,1,1,0.1
02201608062312,022016080604,10.00,21.43,59.01,21.43,93.06,1023.59,5.00,1,1,1,0.1
02201608062312,022016080605,40.00,21.43,59.01,21.43,93.06,1024.05,5.00,1,1,1,0.1
02201608062313,022016080606,5042.00,21.43,59.01,21.43,93.06,1024.43,5.00,1,1,1,0.1
02201608062313,022016080607,17381.00,21.43,59.01,21.43,93.06,1025.17,5.00,1,1,1,0.1
02201608062313,022016080608,40311.00,21.43,51.10,21.43,93.06,1025.42,5.00,1,1,1,0.1
02201608062314,022016080609,62675.00,21.43,51.10,21.43,93.06,1026.04,5.00,1,1,1,0.1
02201608062314,022016080610,65535.00,21.91,51.17,23.99,81.09,1025.98,5.00,1,1,1,0.1
02201608062315,022016080611,65535.00,23.99,51.11,23.99,81.09,1026.26,5.00,1,1,1,0.1
02201608062315,022016080612,65535.00,21.43,65.11,21.43,98.76,1026.56,5.00,1,1,1,0.1
02201608062315,022016080613,65535.00,21.43,59.01,21.43,93.06,1026.38,5.00,1,1,1,0.1
02201608062316,022016080614,65535.00,23.85,51.43,21.43,93.06,1026.34,5.00,1,1,1,0.1
02201608062316,022016080615,65535.00,26.23,43.29,23.99,93.71,1026.41,5.00,1,1,1,0.1
02201608062316,022016080616,65535.00,26.47,42.32,23.99,93.71,1026.04,5.00,1,1,1,0.1
02201608062317,022016080617,47075.00,24.29,38.63,23.99,93.71,1025.96,5.00,1,1,1,0.1
02201608062317,022016080618,49432.00,26.47,42.85,23.99,93.71,1025.66,5.00,1,1,1,0.1
02201608062317,022016080619,27077.00,25.11,51.60,23.99,93.71,1025.64,5.00,1,1,1,0.1
02201608062318,022016080620,8487.00,22.65,51.26,23.99,93.71,1025.92,5.00,1,1,1,0.1
02201608062318,022016080621,196.00,23.35,51.35,21.43,93.06,1026.59,5.00,1,1,1,0.1
02201608062319,022016080622,12.00,21.43,51.10,21.43,93.06,1026.47,5.00,1,1,1,0.1
02201608062319,022016080623,11.00,21.43,51.10,21.43,93.06,1026.13,5.00,1,1,1,0.1
02201608072310,022016080700,11.00,21.43,51.10,21.43,93.06,1026.28,4.99,1,1,1,1
02201608072311,022016080701,11.00,21.43,59.01,21.43,93.06,1025.54,4.99,1,1,1,0.1
02201608072311,022016080702,11.00,21.43,59.01,21.43,93.06,1024.87,4.95,1,1,1,0.1
02201608072311,022016080703,12.00,21.43,59.01,21.43,93.06,1024.50,4.99,1,1,1,0.1
02201608072312,022016080704,13.00,21.43,59.01,21.43,93.06,1024.24,4.99,1,1,1,0.1
02201608072312,022016080705,34.00,21.43,59.01,21.43,93.06,1024.11,4.99,1,1,1,0.1
02201608072312,022016080706,5746.00,21.43,59.01,21.43,93.06,1023.94,4.99,1,1,1,0.1
02201608072313,022016080707,17775.00,21.43,59.01,21.43,93.06,1023.90,4.99,1,1,1,1
02201608072313,022016080708,65535.00,21.43,59.01,21.43,93.06,1023.83,4.99,1,1,1,0.1
02201608072313,022016080709,65535.00,22.01,59.11,21.43,93.06,1023.74,4.99,1,1,1,0.1
02201608072314,022016080710,65535.00,22.55,51.24,23.99,93.71,1023.62,4.99,1,1,1,0.1
02201608072314,022016080711,65535.00,25.43,51.64,23.99,93.71,1023.24,4.99,1,1,1,0.1
02201608072315,022016080712,65535.00,25.27,51.61,23.99,93.71,1022.84,4.98,1,1,1,0.1
02201608072315,022016080713,65535.00,25.91,51.69,26.55,94.36,1021.91,4.96,1,1,1,0.1
02201608072315,022016080714,65535.00,31.67,43.49,26.55,81.64,1021.56,4.99,1,1,1,0.1
02201608072316,022016080715,65535.00,31.67,39.03,26.55,74.05,1021.31,4.99,1,1,1,0.1
02201608072316,022016080716,59117.00,31.67,37.07,26.55,74.72,1020.90,4.98,1,1,1,0.1
02201608072316,022016080717,52788.00,26.23,37.94,26.55,74.72,1020.11,4.98,1,1,1,0.1
02201608072317,022016080718,49705.00,26.53,39.42,23.99,74.22,1019.98,4.98,1,1,1,0.1
02201608072317,022016080719,22034.00,21.43,51.10,21.43,93.06,1019.65,4.98,1,1,1,0.1
02201608072317,022016080720,8804.00,22.09,51.19,21.43,93.06,1019.59,4.99,1,1,1,0.1
02201608072318,022016080721,113.00,21.83,51.16,21.43,93.06,1020.08,4.98,1,1,1,0.1
02201608072318,022016080722,11.00,21.43,51.10,21.43,93.06,1020.04,4.99,1,1,1,0.1
02201608072319,022016080723,11.00,21.43,51.10,21.43,93.06,1020.12,4.98,1,1,1,0.1
02201608082310,022016080800,11.00,21.43,51.10,21.43,93.06,1019.72,4.98,1,1,1,0.1
02201608082311,022016080801,12.00,21.43,51.10,21.43,93.06,1019.66,4.98,1,1,1,0.1
02201608082311,022016080802,12.00,21.43,51.10,21.43,93.06,1019.11,4.98,1,1,1,0.1
02201608082311,022016080803,11.00,21.43,51.10,21.43,93.06,1018.92,4.98,1,1,1,0.1
02201608082312,022016080804,11.00,21.43,51.10,21.43,93.06,1018.70,4.98,1,1,1,0.1
02201608082312,022016080805,29.00,21.43,59.01,21.43,93.06,1018.77,4.98,1,1,1,1
02201608082312,022016080806,4985.00,21.43,59.01,21.43,93.06,1019.32,4.98,1,1,1,0.1
02201608082313,022016080807,16198.00,21.43,51.10,21.43,93.06,1020.33,4.98,1,1,1,0.1
02201608082313,022016080808,37152.00,21.43,51.10,21.43,93.06,1020.71,4.99,1,1,1,0.1
02201608082314,022016080809,57193.00,21.43,51.10,21.43,93.06,1020.94,4.98,1,1,1,0.1
02201608082314,022016080810,65535.00,21.43,40.89,21.43,80.54,1021.06,4.98,1,1,1,0.1
02201608082314,022016080811,65535.00,21.43,51.10,21.43,80.54,1021.11,4.98,1,1,1,0.1
02201608082315,022016080812,65535.00,21.43,40.69,21.43,80.54,1021.25,4.99,1,1,1,0.1
02201608082315,022016080813,65535.00,22.39,41.13,21.43,73.73,1021.07,4.98,1,1,1,0.1
02201608082315,022016080814,65535.00,22.55,39.53,21.43,73.73,1020.87,4.99,1,1,1,0.1
02201608082316,022016080815,65535.00,22.45,34.48,23.99,74.22,1020.62,4.96,1,1,1,0.1
02201608082316,022016080816,65535.00,23.47,38.34,21.43,73.73,1020.48,4.98,1,1,1,0.1
02201608082316,022016080817,65535.00,22.17,40.79,21.43,73.73,1020.59,4.98,1,1,1,0.1
02201608082317,022016080818,26799.00,21.43,36.78,21.43,73.73,1020.82,4.99,1,1,1,0.1
02201608082317,022016080819,29119.00,21.43,36.85,21.43,73.73,1020.87,4.99,1,1,1,1
02201608082318,022016080820,3479.00,21.43,51.10,21.43,93.06,1021.12,4.98,1,1,1,0.1
02201608082318,022016080821,65.00,21.43,51.10,21.43,93.06,1021.84,4.98,1,1,1,1
02201608082318,022016080822,13.00,21.43,51.10,21.43,93.06,1022.26,4.98,1,1,1,0.1
02201608082319,022016080823,15.00,21.43,51.10,21.43,93.06,1022.74,4.98,1,1,1,0.1
02201608092310,022016080900,12.00,21.43,51.10,21.43,93.06,1022.87,5.00,1,1,1,0.1
02201608092311,022016080901,11.00,21.43,51.10,21.43,93.06,1023.22,5.00,1,1,1,0.1
02201608092311,022016080902,11.00,21.43,51.10,21.43,93.06,1023.35,5.00,1,1,1,0.1
02201608092311,022016080903,11.00,21.43,51.10,21.43,93.06,1023.29,5.00,1,1,1,0.1
02201608092312,022016080904,11.00,21.43,51.10,21.43,93.06,1023.34,5.00,1,1,1,0.1
02201608092312,022016080905,25.00,21.43,59.01,21.43,93.06,1023.56,5.00,1,1,1,0.1
02201608092312,022016080906,5209.00,31.67,60.58,31.67,93.06,1023.91,5.00,1,1,1,0.1
02201608092313,022016080907,16363.00,21.43,59.01,21.43,93.06,1024.42,5.00,1,1,1,0.1
02201608092313,022016080908,37679.00,31.67,51.10,21.43,137.34,1024.78,5.00,1,1,1,0.1
02201608092314,022016080909,58699.00,21.43,51.10,21.43,137.34,1025.09,5.00,1,1,1,0.1
02201608092314,022016080910,65535.00,21.43,51.10,21.43,80.54,1025.24,5.00,1,1,1,0.1
02201608092314,022016080911,65535.00,21.43,42.42,41.91,80.54,1025.36,5.00,1,1,1,0.1
02201608092315,022016080912,65535.00,21.43,37.53,21.43,80.54,1024.86,5.00,1,1,1,0.1
02201608092315,022016080913,65535.00,21.43,41.03,21.43,80.54,1024.54,5.00,1,1,1,0.1
02201608092315,022016080914,65535.00,21.43,40.69,21.43,73.73,1024.38,5.00,1,1,1,1
02201608092316,022016080915,65535.00,21.43,41.76,21.43,73.73,1024.16,5.00,1,1,1,0.1
02201608092316,022016080916,65535.00,21.43,40.69,21.43,73.73,1023.54,5.00,1,1,1,0.1
02201608092316,022016080917,65535.00,21.43,59.01,21.43,93.06,1023.21,5.00,1,1,1,0.1
02201608092317,022016080918,53126.00,21.43,35.82,21.43,93.06,1022.97,5.00,1,1,1,0.1
02201608092317,022016080919,38575.00,21.43,37.66,21.43,93.06,1022.93,5.00,1,1,1,0.1
02201608092318,022016080920,8757.00,21.43,41.76,21.43,93.06,1023.18,5.00,1,1,1,0.1
02201608092318,022016080921,75.00,21.43,51.10,21.43,93.06,1023.36,5.00,1,1,1,0.1
02201608092318,022016080922,10.00,21.43,51.10,21.43,93.06,1023.85,5.00,1,1,1,0.1
02201608092319,022016080923,10.00,41.91,53.82,21.43,93.06,1024.05,5.00,1,1,1,0.1
02201608232310,022016082300,14.00,21.43,61.88,21.43,96.22,1024.20,5.00,1,1,1,1
02201608232310,022016082301,15.00,21.43,60.45,21.43,139.58,1024.23,5.00,1,1,1,1
02201608232311,022016082302,14.00,41.91,59.01,21.43,96.40,1024.08,5.00,1,1,1,0.1
02201608232311,022016082303,14.00,21.43,59.01,21.43,96.62,1023.92,5.00,1,1,1,0.1
02201608232312,022016082304,14.00,41.91,59.01,21.43,97.37,1023.65,5.00,1,1,1,0.1
02201608232312,022016082305,14.00,36.79,61.36,21.43,139.58,1023.60,5.00,1,1,1,0.1
02201608232312,022016082306,2385.00,21.43,61.36,21.43,97.55,1023.78,5.00,1,1,1,0.1
02201608232313,022016082307,11784.00,36.79,59.01,21.43,139.58,1023.99,5.00,1,1,1,0.1
02201608232313,022016082308,26596.00,21.43,59.01,21.43,97.37,1023.99,5.00,1,1,1,0.1
02201608232313,022016082309,44393.00,21.43,51.10,21.43,139.58,1023.77,5.00,1,1,1,0.1
02201608232314,022016082310,65535.00,26.23,51.73,21.43,93.06,1023.45,5.00,1,1,1,0.1
02201608232314,022016082311,65535.00,25.11,51.59,22.39,93.19,1022.73,5.00,1,1,1,0.1
02201608232314,022016082312,61968.00,26.41,51.76,22.03,93.22,1022.10,5.00,1,1,1,0.1
02201608232315,022016082313,63383.00,31.67,41.99,24.95,93.83,1021.57,5.00,1,1,1,0.1
02201608232315,022016082314,65535.00,31.67,41.79,26.23,94.28,1021.12,5.00,1,1,1,0.1
02201608232316,022016082315,65535.00,31.67,43.43,31.67,78.50,1020.71,5.03,1,1,1,0.1
02201608232316,022016082316,41785.00,31.67,43.97,26.53,69.33,1019.90,5.04,1,1,1,0.1
02201608232316,022016082317,35049.00,31.67,38.48,26.55,74.66,1019.55,5.04,1,1,1,0.1
02201608232317,022016082318,29887.00,31.67,41.86,25.91,74.72,1019.43,5.04,1,1,1,0.1
02201608232317,022016082319,13642.00,31.67,43.43,26.55,74.63,1019.02,5.04,1,1,1,0.1
02201608232317,022016082320,1853.00,21.43,60.03,23.99,99.47,1018.99,5.04,1,1,1,0.1
02201608232318,022016082321,20.00,21.67,60.50,23.99,99.47,1018.87,5.04,1,1,1,0.1
02201608232318,022016082322,18.00,21.99,61.96,23.99,99.47,1018.60,5.05,1,1,1,0.1
02201608232318,022016082323,18.00,21.43,62.12,23.99,99.47,1018.32,5.04,1,1,1,0.1
02201608242310,022016082400,18.00,21.43,62.65,23.99,99.47,1018.11,5.05,1,1,1,0.1
02201608242311,022016082401,19.00,21.43,63.18,21.43,98.76,1017.76,5.05,1,1,1,0.1
02201608242311,022016082402,16.00,21.43,61.88,21.43,97.37,1017.49,5.04,1,1,1,0.1
02201608242311,022016082403,15.00,21.43,64.70,39.35,44.54,1017.52,5.05,1,1,1,1
02201608242312,022016082404,16.00,21.43,62.82,21.43,93.06,1017.26,5.05,1,1,1,0.1
02201608242312,022016082405,16.00,21.43,59.25,21.43,98.76,1017.02,5.04,1,1,1,0.1
02201608242312,022016082406,2244.00,21.43,59.01,39.35,38.35,1017.30,5.05,1,1,1,0.1
02201608242313,022016082407,44853.00,21.43,59.01,21.43,98.29,1017.64,5.05,1,1,1,0.1
02201608242313,022016082408,24672.00,21.43,59.01,21.43,93.06,1017.59,5.05,1,1,1,0.1
02201608242314,022016082409,42503.00,23.97,51.13,23.99,93.71,1017.41,5.05,1,1,1,0.1
02201608242314,022016082410,65535.00,31.67,52.46,25.11,94.00,1017.15,5.04,1,1,1,0.1
02201608242314,022016082411,64443.00,31.67,52.46,26.55,94.36,1017.17,5.04,1,1,1,0.1
02201608242315,022016082412,65535.00,31.67,52.46,26.07,94.36,1016.90,5.04,1,1,1,1
02201608242315,022016082413,65535.00,31.67,52.46,24.75,94.00,1016.51,5.04,1,1,1,0.1
02201608242315,022016082414,65535.00,31.67,41.79,31.67,95.67,1016.26,5.04,1,1,1,0.1
02201608242316,022016082415,65535.00,36.79,42.34,31.67,95.67,1016.04,5.03,1,1,1,0.1
02201608242316,022016082416,65535.00,32.15,37.48,31.67,81.45,1015.97,5.04,1,1,1,0.1
02201608242316,022016082417,65535.00,31.67,38.48,31.67,95.67,1015.72,5.03,1,1,1,0.1
02201608242317,022016082418,65535.00,31.67,36.87,31.67,81.12,1016.67,5.04,1,1,1,0.1
02201608242317,022016082419,21536.00,23.87,59.39,26.55,94.36,1015.48,5.04,1,1,1,0.1
02201608242318,022016082420,910.00,22.55,59.18,23.99,93.71,1016.46,5.04,1,1,1,0.1
02201608242318,022016082421,20.00,22.55,59.18,23.99,93.71,1017.56,5.04,1,1,1,0.1
02201608242318,022016082422,17.00,23.99,59.38,23.99,93.71,1018.38,5.04,1,1,1,0.1
02201608242319,022016082423,16.00,22.39,51.22,23.99,93.71,1016.82,5.04,1,1,1,0.1
02201608252310,022016082500,16.00,22.19,51.20,23.99,93.71,1016.61,5.04,1,1,1,1
02201608252310,022016082501,16.00,23.93,51.44,23.99,93.71,1015.34,5.04,1,1,1,0.1
02201608252311,022016082502,16.00,23.67,51.39,23.99,93.71,1015.74,5.04,1,1,1,0.1
02201608252311,022016082503,14.00,22.63,51.26,23.99,93.71,1015.98,5.05,1,1,1,0.1
02201608252312,022016082504,14.00,22.39,51.22,23.99,99.47,1016.21,5.04,1,1,1,0.1
02201608252312,022016082505,14.00,21.63,51.13,21.43,93.06,1016.24,5.05,1,1,1,0.1
02201608252312,022016082506,1666.00,21.43,51.10,21.43,93.06,1015.73,5.05,1,1,1,0.1
02201608252313,022016082507,38959.00,21.43,51.10,21.43,93.06,1015.73,5.04,1,1,1,0.1
02201608252313,022016082508,63395.00,21.43,51.10,21.43,93.06,1015.10,5.04,1,1,1,0.1
02201608252313,022016082509,65535.00,23.83,51.42,23.99,93.71,1014.83,5.05,1,1,1,0.1
02201608252314,022016082510,65535.00,25.35,51.62,23.99,93.71,1014.76,5.04,1,1,1,0.1
02201608252314,022016082511,65535.00,31.67,52.46,25.31,94.36,1014.55,5.04,1,1,1,0.1
02201608252314,022016082512,65535.00,31.67,41.79,26.55,94.36,1014.31,5.04,1,1,1,0.1
02201608252315,022016082513,65535.00,25.91,42.25,26.55,94.36,1013.67,5.04,1,1,1,0.1
02201608252315,022016082514,65535.00,31.67,38.48,26.55,94.36,1013.92,5.04,1,1,1,0.1
02201608252316,022016082515,65535.00,32.63,46.37,31.67,95.67,1013.86,5.03,1,1,1,0.1
02201608252316,022016082516,65535.00,31.67,52.46,31.67,95.67,1013.20,5.04,1,1,1,0.1
02201608252316,022016082517,65535.00,31.67,41.79,26.55,94.36,1012.50,5.04,1,1,1,0.1
02201608252317,022016082518,39621.00,31.67,37.64,26.55,94.36,1012.33,5.04,1,1,1,0.1
02201608252317,022016082519,22300.00,31.67,40.42,26.55,94.36,1012.56,5.04,1,1,1,0.1
02201608252317,022016082520,1325.00,25.91,42.25,26.55,94.36,1012.73,5.04,1,1,1,0.1
02201608252318,022016082521,14.00,26.03,42.49,26.55,94.36,1013.30,5.04,1,1,1,0.1
02201608252318,022016082522,14.00,24.47,51.50,23.99,93.71,1012.65,5.04,1,1,1,0.1
02201608252319,022016082523,12.00,22.89,51.29,23.99,93.71,1012.51,5.04,1,1,1,0.1
02201608262310,022016082600,15.00,24.55,51.52,23.99,93.71,1013.40,5.02,1,1,1,0.1
02201608262311,022016082601,13.00,23.83,51.42,23.99,93.71,1013.61,4.98,1,1,1,1
02201608262311,022016082602,14.00,22.81,51.29,23.99,93.71,1014.01,5.02,1,1,1,0.1
02201608262312,022016082603,13.00,23.85,51.43,23.99,93.71,1014.39,5.02,1,1,1,0.1
02201608262312,022016082604,13.00,22.39,51.22,23.99,93.71,1013.48,5.02,1,1,1,0.1
02201608262312,022016082605,13.00,22.01,51.18,23.99,93.71,1014.54,5.02,1,1,1,0.1
02201608262313,022016082606,841.00,21.43,51.10,21.43,93.06,1015.10,5.02,1,1,1,0.1
02201608262313,022016082607,10319.00,21.43,51.10,21.43,93.06,1015.94,5.02,1,1,1,0.1
02201608262313,022016082608,25578.00,21.43,51.10,21.43,93.06,1016.29,5.02,1,1,1,0.1
02201608262314,022016082609,34509.00,22.81,51.28,23.99,93.71,1016.64,5.02,1,1,1,0.1
02201608262314,022016082610,63787.00,23.97,51.44,23.99,93.71,1017.39,5.02,1,1,1,0.1
02201608262315,022016082611,65535.00,24.19,51.47,23.99,93.71,1017.57,5.02,1,1,1,0.1
02201608262315,022016082612,65535.00,24.95,51.56,23.99,93.71,1017.48,5.02,1,1,1,0.1
02201608262315,022016082613,65535.00,24.47,51.49,23.99,80.25,1017.47,5.02,1,1,1,0.1
02201608262316,022016082614,65535.00,26.23,41.21,26.55,81.64,1017.50,5.02,1,1,1,0.1
02201608262316,022016082615,65535.00,31.67,32.84,31.67,68.92,1017.53,5.01,1,1,1,0.1
02201608262316,022016082616,44475.00,31.67,32.91,26.55,67.44,1017.51,5.02,1,1,1,0.1
02201608262317,022016082617,40707.00,31.67,33.20,26.55,67.44,1017.23,5.02,1,1,1,0.1
02201608262317,022016082618,28051.00,26.39,43.11,26.55,81.64,1017.31,5.02,1,1,1,0.1
02201608262317,022016082619,16032.00,22.39,59.16,23.99,93.71,1016.74,4.99,1,1,1,0.1
02201608262318,022016082620,1358.00,36.79,66.09,21.43,98.76,1018.00,4.99,1,1,1,1
02201608262318,022016082621,11.00,41.91,69.13,21.43,98.76,1018.56,5.00,1,1,1,0.1
02201608262319,022016082622,11.00,36.79,66.44,21.43,98.76,1019.11,4.99,1,1,1,0.1
02201608262319,022016082623,11.00,21.43,59.91,21.43,98.76,1019.14,5.00,1,1,1,0.1
02201608272311,022016082700,13.00,21.43,60.51,21.43,98.76,1019.11,5.02,1,1,1,0.1
02201608272311,022016082701,11.00,21.43,61.17,21.43,98.76,1019.04,5.02,1,1,1,0.1
02201608272311,022016082702,11.00,21.43,61.88,21.43,98.76,1018.86,5.02,1,1,1,0.1
02201608272312,022016082703,12.00,21.43,61.88,21.43,98.76,1018.62,5.02,1,1,1,0.1
02201608272312,022016082704,12.00,21.43,61.88,21.43,98.76,1018.39,5.02,1,1,1,0.1
02201608272312,022016082705,12.00,21.43,61.88,21.43,98.76,1018.00,5.02,1,1,1,0.1
02201608272313,022016082706,1057.00,21.43,61.88,21.43,86.04,1017.65,5.02,1,1,1,0.1
02201608272313,022016082707,16867.00,21.43,61.88,36.79,40.64,1017.67,5.02,1,1,1,0.1
02201608272313,022016082708,55479.00,21.43,66.09,21.43,98.76,1017.55,5.02,1,1,1,0.1
02201608272314,022016082709,65535.00,21.43,51.10,36.79,41.09,1017.02,5.02,1,1,1,0.1
02201608272314,022016082710,65535.00,22.59,51.26,23.99,93.71,1016.82,5.02,1,1,1,0.1
02201608272315,022016082711,65535.00,24.95,51.56,23.99,93.71,1016.22,5.02,1,1,1,0.1
02201608272315,022016082712,65535.00,25.19,51.60,23.99,93.55,1015.52,5.02,1,1,1,0.1
02201608272315,022016082713,65535.00,26.43,51.77,24.49,93.85,1014.44,5.02,1,1,1,0.1
02201608272316,022016082714,65535.00,25.97,51.71,26.07,94.24,1013.40,5.02,1,1,1,0.1
02201608272316,022016082715,65535.00,26.49,51.47,23.99,93.71,1013.24,5.02,1,1,1,0.1
02201608272316,022016082716,65535.00,24.37,51.50,23.99,93.71,1012.41,5.02,1,1,1,0.1
02201608272317,022016082717,65535.00,24.95,51.56,23.99,93.71,1012.23,5.02,1,1,1,0.1
02201608272317,022016082718,49475.00,24.07,51.46,23.99,93.71,1011.76,5.02,1,1,1,1
02201608272317,022016082719,14174.00,23.37,51.36,23.99,93.71,1011.42,5.02,1,1,1,0.1
02201608272318,022016082720,1329.00,22.39,51.22,23.99,93.71,1011.60,5.02,1,1,1,0.1
02201608272318,022016082721,13.00,21.69,51.14,23.99,93.71,1011.71,5.02,1,1,1,0.1
02201608272319,022016082722,12.00,22.19,51.22,23.99,93.71,1011.71,5.02,1,1,1,0.1
02201608272319,022016082723,12.00,21.91,51.16,23.99,93.71,1011.43,5.02,1,1,1,0.1
02201608282310,022016082800,13.00,23.83,51.42,23.99,93.71,1011.01,5.03,1,1,1,1
02201608282310,022016082801,13.00,23.35,51.35,23.99,93.71,1011.06,5.04,1,1,1,0.1
02201608282311,022016082802,13.00,23.35,51.35,23.99,93.71,1010.62,5.04,1,1,1,0.1
02201608282311,022016082803,13.00,22.43,51.23,23.99,93.71,1010.48,5.04,1,1,1,0.1
02201608282312,022016082804,14.00,41.91,51.10,21.43,93.06,1010.42,5.04,1,1,1,0.1
02201608282312,022016082805,12.00,21.43,53.82,21.43,93.06,1010.74,5.04,1,1,1,0.1
02201608282312,022016082806,658.00,41.91,53.82,21.43,93.06,1011.17,5.04,1,1,1,0.1
02201608282313,022016082807,19519.00,41.91,51.10,21.43,93.06,1011.39,5.04,1,1,1,0.1
02201608282313,022016082808,54265.00,21.43,51.10,21.43,98.29,1011.38,5.04,1,1,1,0.1
02201608282313,022016082809,47259.00,41.91,51.10,21.43,93.06,1011.67,5.04,1,1,1,0.1
02201608282314,022016082810,65535.00,21.43,51.10,21.43,93.06,1011.74,5.04,1,1,1,0.1
02201608282314,022016082811,65535.00,21.43,51.10,21.43,98.29,1012.01,5.04,1,1,1,0.1
02201608282314,022016082812,65535.00,22.81,51.29,23.99,93.71,1011.93,5.03,1,1,1,0.1
02201608282315,022016082813,65535.00,23.83,51.42,23.99,93.71,1012.09,5.04,1,1,1,0.1
02201608282315,022016082814,65535.00,21.43,51.10,21.43,93.06,1012.65,5.03,1,1,1,0.1
02201608282316,022016082815,65535.00,22.43,51.23,23.99,93.71,1012.58,5.03,1,1,1,0.1
02201608282316,022016082816,65535.00,22.55,51.26,23.99,93.71,1012.89,5.03,1,1,1,0.1
02201608282316,022016082817,60869.00,22.73,51.28,23.99,93.71,1012.88,5.04,1,1,1,0.1
02201608282317,022016082818,29716.00,22.21,51.20,23.99,93.71,1013.01,5.04,1,1,1,0.1
02201608282317,022016082819,28937.00,21.43,51.10,21.43,98.29,1013.40,5.04,1,1,1,0.1
02201608282317,022016082820,869.00,41.91,53.82,21.43,93.06,1013.88,5.04,1,1,1,0.1
02201608282318,022016082821,16.00,41.91,53.82,21.43,93.06,1014.51,5.04,1,1,1,0.1
02201608282318,022016082822,17.00,41.91,53.82,21.43,93.06,1014.77,5.04,1,1,1,0.1
02201608282319,022016082823,16.00,21.43,51.10,21.43,93.06,1015.14,5.04,1,1,1,0.1
02201608292311,022016082900,17.00,21.43,51.10,21.43,93.06,1015.69,5.02,1,1,1,0.1
02201608292311,022016082901,18.00,41.91,51.10,21.43,93.06,1016.16,5.02,1,1,1,0.1
02201608292311,022016082902,18.00,41.91,51.10,21.43,93.06,1016.49,5.02,1,1,1,0.1
02201608292312,022016082903,15.00,21.43,51.10,21.43,93.06,1017.04,5.02,1,1,1,0.1
02201608292312,022016082904,15.00,36.79,51.10,36.79,93.61,1017.80,5.02,1,1,1,0.1
02201608292313,022016082905,17.00,21.43,53.82,36.79,35.08,1018.19,5.02,1,1,1,0.1
02201608292313,022016082906,1294.00,21.43,53.14,21.43,93.06,1019.11,5.03,1,1,1,0.1
02201608292313,022016082907,8198.00,36.79,51.10,21.43,93.06,1019.82,5.03,1,1,1,0.1
02201608292314,022016082908,32025.00,36.79,53.14,21.43,137.34,1020.23,5.03,1,1,1,0.1
02201608292314,022016082909,65535.00,41.91,51.10,21.43,93.06,1020.71,5.02,1,1,1,0.1
02201608292314,022016082910,65535.00,21.53,51.11,21.43,93.06,1021.22,5.02,1,1,1,0.1
02201608292315,022016082911,65535.00,23.91,51.11,23.99,93.63,1021.59,5.02,1,1,1,0.1
02201608292315,022016082912,65535.00,23.91,51.44,23.99,93.71,1021.73,5.02,1,1,1,0.1
02201608292315,022016082913,65535.00,22.39,51.22,21.43,93.06,1021.74,4.98,1,1,1,0.1
02201608292316,022016082914,65535.00,24.11,51.46,23.67,93.67,1021.74,5.02,1,1,1,0.1
02201608292316,022016082915,65535.00,26.51,52.46,22.47,93.34,1021.79,5.02,1,1,1,0.1
02201608292317,022016082916,65535.00,26.01,42.26,23.99,81.09,1021.73,5.02,1,1,1,0.1
02201608292317,022016082917,58033.00,26.53,38.58,23.67,81.09,1021.66,5.02,1,1,1,0.1
02201608292317,022016082918,29061.00,24.95,36.85,23.99,81.09,1022.04,5.02,1,1,1,0.1
02201608292318,022016082919,14268.00,21.43,62.88,21.43,98.76,1021.15,5.02,1,1,1,0.1
02201608292318,022016082920,575.00,21.43,64.76,21.43,98.76,1022.69,5.02,1,1,1,0.1
02201608292318,022016082921,14.00,21.43,65.63,21.43,98.76,1023.32,5.02,1,1,1,0.1
02201608292319,022016082922,14.00,21.43,65.80,21.43,98.76,1023.50,5.02,1,1,1,0.1
02201608292319,022016082923,14.00,21.43,66.32,21.43,139.58,1024.04,5.02,1,1,1,0.1
02201608302310,022016083000,14.00,21.43,66.55,21.43,98.76,1024.17,5.04,1,1,1,1
02201608302310,022016083001,14.00,36.79,59.79,21.43,139.58,1024.40,5.04,1,1,1,0.1
02201608302311,022016083002,15.00,36.79,66.19,21.43,98.16,1024.38,5.04,1,1,1,0.1
02201608302311,022016083003,14.00,31.67,60.58,21.43,98.42,1024.06,5.04,1,1,1,0.1
02201608302312,022016083004,14.00,21.43,60.58,21.43,98.68,1024.22,5.04,1,1,1,1
02201608302312,022016083005,14.00,31.67,59.01,21.43,139.58,1024.26,5.04,1,1,1,0.1
02201608302312,022016083006,1012.00,31.67,59.01,21.43,93.52,1024.37,5.04,1,1,1,0.1
02201608302313,022016083007,10325.00,31.67,59.01,21.43,98.76,1024.57,5.04,1,1,1,0.1
02201608302313,022016083008,27460.00,21.43,59.01,21.43,98.42,1024.62,5.04,1,1,1,0.1
02201608302313,022016083009,39735.00,21.43,59.01,21.43,97.37,1024.83,5.04,1,1,1,0.1
02201608302314,022016083010,65535.00,21.43,59.01,21.43,94.61,1024.92,5.04,1,1,1,0.1
02201608302314,022016083011,54764.00,22.17,51.22,21.43,93.24,1024.73,5.04,1,1,1,1
02201608302314,022016083012,53988.00,23.75,51.41,21.43,93.06,1024.20,5.04,1,1,1,0.1
02201608302315,022016083013,59201.00,25.55,41.13,22.67,93.35,1023.97,5.04,1,1,1,0.1
02201608302315,022016083014,65535.00,24.95,42.21,23.67,93.55,1023.33,5.04,1,1,1,0.1
02201608302316,022016083015,65535.00,31.67,42.88,22.97,93.46,1022.70,5.03,1,1,1,0.1
02201608302316,022016083016,63463.00,25.29,51.62,23.99,93.71,1022.06,5.05,1,1,1,0.1
02201608302316,022016083017,65535.00,26.41,38.51,23.99,93.71,1021.46,5.06,1,1,1,0.1
02201608302317,022016083018,65535.00,24.79,42.14,23.67,93.71,1021.18,5.06,1,1,1,0.1
02201608302317,022016083019,21834.00,24.63,51.53,23.99,93.71,1021.19,5.06,1,1,1,0.1
02201608302317,022016083020,662.00,21.43,62.35,41.91,98.76,1021.60,5.05,1,1,1,0.1
02201608302318,022016083021,17.00,21.43,62.47,21.43,98.76,1021.68,5.06,1,1,1,0.1
02201608302318,022016083022,14.00,21.43,59.01,21.43,98.76,1021.74,5.06,1,1,1,0.1
02201608302318,022016083023,25.00,21.43,59.01,21.43,93.06,1021.51,5.06,1,1,1,0.1
02201608312310,022016083100,15.00,21.43,51.10,21.43,98.76,1021.14,5.00,1,1,1,1
02201608312311,022016083101,15.00,21.43,51.10,21.43,98.76,1020.82,5.00,1,1,1,0.1
02201608312311,022016083102,15.00,21.43,51.10,21.43,98.76,1020.46,5.00,1,1,1,0.1
02201608312311,022016083103,15.00,21.43,51.10,21.43,97.37,1020.09,5.00,1,1,1,0.1
02201608312312,022016083104,14.00,21.43,51.10,21.43,98.07,1019.67,5.00,1,1,1,0.1
02201608312312,022016083105,31.00,21.43,51.10,21.43,98.07,1019.54,5.00,1,1,1,0.1
02201608312312,022016083106,866.00,21.43,51.10,21.43,139.58,1019.57,5.00,1,1,1,0.1
02201608312313,022016083107,15146.00,21.43,51.10,21.43,97.72,1019.36,5.00,1,1,1,0.1
02201608312313,022016083108,46353.00,21.43,51.10,21.43,139.58,1019.37,5.00,1,1,1,0.1
02201608312314,022016083109,65535.00,21.43,51.10,21.43,93.70,1019.65,4.97,1,1,1,0.1
02201608312314,022016083110,65535.00,21.77,51.15,21.43,93.06,1019.44,5.00,1,1,1,0.1
02201608312314,022016083111,65535.00,22.63,51.26,21.43,93.06,1019.69,5.00,1,1,1,0.1
02201608312315,022016083112,65535.00,21.77,51.14,21.43,98.29,1019.75,5.00,1,1,1,0.1
02201608312315,022016083113,65535.00,22.09,51.18,21.43,93.06,1019.40,5.00,1,1,1,0.1
02201608312315,022016083114,65535.00,24.97,51.57,22.89,93.44,1019.00,5.00,1,1,1,0.1
02201608312316,022016083115,65535.00,25.91,51.69,23.95,93.71,1019.30,5.00,1,1,1,0.1
02201608312316,022016083116,65535.00,24.23,51.48,23.99,93.71,1019.28,5.00,1,1,1,0.1
02201608312316,022016083117,65535.00,23.67,51.39,23.99,93.71,1019.13,5.01,1,1,1,0.1
02201608312317,022016083118,45204.00,22.97,42.46,23.99,93.71,1019.22,5.00,1,1,1,0.1
02201608312317,022016083119,24509.00,22.55,42.55,23.99,93.71,1019.26,5.00,1,1,1,0.1
02201608312318,022016083120,369.00,23.41,40.91,23.99,93.71,1019.99,5.00,1,1,1,0.1
02201608312318,022016083121,16.00,21.61,40.72,21.43,93.06,1020.67,5.00,1,1,1,0.1
02201608312318,022016083122,14.00,21.43,51.10,21.43,93.06,1020.84,5.00,1,1,1,0.1
02201608312319,022016083123,18.00,21.43,51.10,21.43,93.06,1021.04,5.00,1,1,1,0.1
02201609012310,022016090100,14.00,21.43,51.10,21.43,93.06,1021.07,5.00,1,1,1,1
02201609012311,022016090101,15.00,21.43,51.10,21.43,137.34,1021.25,5.00,1,1,1,0.1
02201609012311,022016090102,14.00,41.91,51.10,21.43,93.06,1021.69,5.00,1,1,1,0.1
02201609012311,022016090103,14.00,41.91,51.10,21.43,93.06,1021.74,5.00,1,1,1,0.1
02201609012312,022016090104,15.00,21.43,53.14,21.43,93.84,1021.61,4.98,1,1,1,0.1
02201609012312,022016090105,14.00,36.79,51.10,36.79,139.58,1021.73,5.00,1,1,1,0.1
02201609012312,022016090106,559.00,36.79,51.10,21.43,94.88,1021.95,5.00,1,1,1,0.1
02201609012313,022016090107,31280.00,21.43,51.10,21.43,94.88,1022.35,5.00,1,1,1,0.1
02201609012313,022016090108,65535.00,36.79,51.10,21.43,93.61,1023.02,5.00,1,1,1,0.1
02201609012314,022016090109,65535.00,21.43,51.10,21.43,93.06,1023.25,5.00,1,1,1,0.1
02201609012314,022016090110,65535.00,21.43,51.10,21.43,93.06,1023.38,5.00,1,1,1,0.1
02201609012314,022016090111,65535.00,23.95,51.43,21.43,93.06,1023.42,4.98,1,1,1,0.1
02201609012315,022016090112,65535.00,24.01,51.45,23.39,93.58,1023.11,4.98,1,1,1,0.1
02201609012315,022016090113,65535.00,23.83,51.42,23.99,93.55,1022.70,4.98,1,1,1,0.1
02201609012315,022016090114,65535.00,24.79,42.33,23.99,93.70,1022.14,4.98,1,1,1,0.1
02201609012316,022016090115,65535.00,24.63,41.04,23.19,93.52,1021.86,5.00,1,1,1,0.1
02201609012316,022016090116,65535.00,25.33,42.26,22.71,93.23,1021.49,5.00,1,1,1,1
02201609012316,022016090117,60746.00,25.99,39.27,22.23,93.30,1021.06,5.00,1,1,1,0.1
02201609012317,022016090118,65535.00,24.61,51.52,23.99,93.71,1020.96,5.00,1,1,1,0.1
02201609012317,022016090119,21118.00,41.91,59.01,21.43,102.92,1020.68,5.00,1,1,1,0.1
02201609012318,022016090120,327.00,21.43,59.01,21.43,96.18,1020.77,5.00,1,1,1,0.1
02201609012318,022016090121,17.00,21.43,59.01,21.43,98.76,1020.86,5.00,1,1,1,0.1
02201609012318,022016090122,18.00,21.43,59.01,21.43,102.92,1021.11,5.00,1,1,1,0.1
02201609012319,022016090123,17.00,21.43,51.10,36.79,38.58,1020.73,5.00,1,1,1,0.1
02201609022311,022016090200,18.00,21.43,51.10,21.43,93.06,1020.60,5.00,1,1,1,0.1
02201609022311,022016090201,18.00,21.43,51.10,21.43,93.52,1020.19,5.00,1,1,1,0.1
02201609022311,022016090202,18.00,41.91,51.10,21.43,95.24,1020.07,5.00,1,1,1,0.1
02201609022312,022016090203,16.00,41.91,53.14,21.43,139.58,1019.12,5.00,1,1,1,0.1
02201609022312,022016090204,18.00,36.79,51.10,21.43,95.78,1019.21,5.00,1,1,1,0.1
02201609022312,022016090205,18.00,36.79,51.10,21.43,139.58,1018.90,5.00,1,1,1,0.1
02201609022313,022016090206,337.00,36.79,53.14,21.43,95.82,1018.76,5.00,1,1,1,0.1
02201609022313,022016090207,42578.00,36.79,51.10,21.43,96.09,1018.60,5.00,1,1,1,0.1
02201609022314,022016090208,65535.00,36.79,51.10,36.79,95.24,1018.85,5.00,1,1,1,0.1
02201609022314,022016090209,65535.00,41.91,51.10,21.43,93.06,1018.77,5.00,1,1,1,0.1
02201609022314,022016090210,65535.00,21.43,40.96,21.43,93.06,1018.49,5.00,1,1,1,0.1
02201609022315,022016090211,65535.00,21.43,40.69,21.43,93.06,1018.20,5.01,1,1,1,0.1
02201609022315,022016090212,65535.00,21.43,42.89,21.43,93.06,1018.17,5.00,1,1,1,0.1
02201609022315,022016090213,65535.00,21.43,37.46,21.43,93.06,1017.52,5.00,1,1,1,1
02201609022316,022016090214,65535.00,22.73,38.13,21.43,93.06,1017.21,5.00,1,1,1,0.1
02201609022316,022016090215,65535.00,22.01,36.50,21.43,93.06,1017.49,5.00,1,1,1,0.1
02201609022316,022016090216,38148.00,21.43,38.14,21.43,93.06,1016.97,4.98,1,1,1,0.1
02201609022317,022016090217,65535.00,21.43,40.69,21.43,93.06,1016.54,4.98,1,1,1,0.1
02201609022317,022016090218,28078.00,21.43,41.76,21.43,93.06,1017.03,5.00,1,1,1,0.1
02201609022318,022016090219,7314.00,21.43,51.10,21.43,97.37,1016.66,5.00,1,1,1,0.1
02201609022318,022016090220,105.00,21.43,51.10,36.79,37.29,1017.17,5.00,1,1,1,0.1
02201609022318,022016090221,20.00,21.43,51.10,21.43,93.06,1017.53,5.00,1,1,1,0.1
02201609022319,022016090222,19.00,41.91,53.82,21.43,93.06,1017.41,4.98,1,1,1,0.1
02201609022319,022016090223,16.00,41.91,51.10,21.43,98.29,1017.51,5.00,1,1,1,0.1
02201609032310,022016090300,16.00,36.79,53.14,21.43,93.06,1017.64,5.02,1,1,1,1
02201609032310,022016090301,15.00,36.79,51.10,21.43,93.06,1017.33,5.01,1,1,1,0.1
02201609032311,022016090302,15.00,36.79,51.10,36.79,139.58,1017.28,5.02,1,1,1,0.1
02201609032311,022016090303,15.00,36.79,51.10,21.43,93.70,1017.25,5.01,1,1,1,0.1
02201609032312,022016090304,17.00,36.79,51.10,36.79,93.79,1017.39,5.01,1,1,1,0.1
02201609032312,022016090305,15.00,36.79,51.10,21.43,94.52,1017.44,5.02,1,1,1,0.1
02201609032312,022016090306,284.00,21.43,51.10,21.43,139.58,1017.39,5.01,1,1,1,0.1
02201609032313,022016090307,11454.00,31.67,51.10,21.43,139.58,1017.57,5.02,1,1,1,1
02201609032313,022016090308,41517.00,31.67,51.10,21.43,95.42,1017.30,5.02,1,1,1,0.1
02201609032313,022016090309,61583.00,36.79,51.10,21.43,93.33,1017.22,5.02,1,1,1,0.1
02201609032314,022016090310,65535.00,41.91,53.82,21.43,93.06,1016.73,5.02,1,1,1,0.1
02201609032314,022016090311,65535.00,22.01,51.16,21.43,93.06,1016.40,5.02,1,1,1,0.1
02201609032314,022016090312,65535.00,21.43,51.10,21.43,93.06,1015.51,5.02,1,1,1,0.1
02201609032315,022016090313,60482.00,22.09,51.19,21.43,93.06,1015.32,5.02,1,1,1,0.1
02201609032315,022016090314,65535.00,21.63,41.79,21.43,98.29,1013.87,5.02,1,1,1,0.1
02201609032316,022016090315,65535.00,22.63,42.42,21.43,93.06,1013.51,5.02,1,1,1,0.1
02201609032316,022016090316,65535.00,22.63,42.42,21.43,93.06,1012.89,5.02,1,1,1,0.1
02201609032316,022016090317,30321.00,21.43,36.10,21.43,93.06,1012.89,5.02,1,1,1,0.1
02201609032317,022016090318,26656.00,36.79,61.36,21.43,96.49,1012.24,5.02,1,1,1,0.1
02201609032317,022016090319,14954.00,36.79,61.36,21.43,96.67,1010.76,5.02,1,1,1,0.1
02201609032317,022016090320,38.00,36.79,61.36,21.43,139.58,1011.62,5.02,1,1,1,0.1
02201609032318,022016090321,19.00,36.79,59.01,21.43,96.58,1011.69,5.02,1,1,1,0.1
02201609032318,022016090322,20.00,36.79,61.36,21.43,96.49,1011.17,5.02,1,1,1,0.1
02201609032319,022016090323,24.00,36.79,61.36,21.43,96.62,1010.27,5.02,1,1,1,0.1
02201609042310,022016090400,16.00,21.43,59.01,21.43,102.92,1009.55,5.02,1,1,1,1
02201609042310,022016090401,18.00,36.79,59.01,21.43,102.17,1009.27,5.02,1,1,1,0.1
02201609042311,022016090402,18.00,41.91,59.01,21.43,101.88,1008.69,5.02,1,1,1,0.1
02201609042311,022016090403,16.00,41.91,59.01,21.43,96.49,1008.10,5.02,1,1,1,0.1
02201609042312,022016090404,16.00,36.79,59.01,21.43,96.58,1008.11,5.02,1,1,1,0.1
02201609042312,022016090405,16.00,36.79,51.10,21.43,96.40,1008.77,5.02,1,1,1,0.1
02201609042312,022016090406,238.00,36.79,51.10,21.43,96.05,1009.12,5.02,1,1,1,0.1
02201609042313,022016090407,18898.00,36.79,51.10,21.43,139.58,1009.16,5.02,1,1,1,0.1
02201609042313,022016090408,65535.00,36.79,51.10,36.79,96.49,1009.66,5.02,1,1,1,0.1
02201609042313,022016090409,65535.00,21.43,42.35,21.43,94.79,1009.86,5.01,1,1,1,0.1
02201609042314,022016090410,65535.00,21.43,43.17,21.43,94.47,1010.41,5.02,1,1,1,1
02201609042314,022016090411,65535.00,41.91,41.69,21.43,93.29,1010.80,5.02,1,1,1,0.1
02201609042314,022016090412,65535.00,41.91,41.48,21.43,93.06,1011.20,5.02,1,1,1,0.1
02201609042315,022016090413,65535.00,21.43,51.10,21.43,93.06,1011.55,5.02,1,1,1,0.1
02201609042315,022016090414,65535.00,41.91,51.10,21.43,93.06,1012.39,5.02,1,1,1,0.1
02201609042316,022016090415,65535.00,22.69,51.27,21.43,93.06,1012.89,5.02,1,1,1,0.1
02201609042316,022016090416,48295.00,41.91,40.69,21.43,98.29,1013.41,5.02,1,1,1,1
02201609042316,022016090417,60292.00,41.91,40.69,21.43,93.06,1013.78,5.02,1,1,1,0.1
02201609042317,022016090418,65535.00,41.91,40.69,21.43,93.06,1014.07,5.02,1,1,1,0.1
02201609042317,022016090419,18349.00,41.91,40.69,21.43,93.06,1014.44,5.02,1,1,1,1
02201609042317,022016090420,95.00,41.91,36.10,21.43,93.06,1014.83,5.02,1,1,1,0.1
02201609042318,022016090421,16.00,41.91,36.85,21.43,93.06,1015.34,5.02,1,1,1,0.1
02201609042318,022016090422,17.00,41.91,36.64,21.43,93.06,1015.76,5.02,1,1,1,0.1
02201609042318,022016090423,15.00,41.91,36.57,21.43,93.06,1016.16,5.02,1,1,1,0.1
02201609052310,022016090500,18.00,36.79,38.99,21.43,93.15,1016.36,5.00,1,1,1,0.1
02201609052311,022016090501,17.00,36.79,41.09,21.43,94.79,1016.32,5.00,1,1,1,0.1
02201609052311,022016090502,17.00,21.43,53.14,21.43,96.49,1016.73,5.00,1,1,1,0.1
02201609052312,022016090503,18.00,36.79,51.10,36.79,139.58,1017.00,5.00,1,1,1,0.1
02201609052312,022016090504,19.00,21.43,51.10,21.43,97.68,1017.26,5.00,1,1,1,0.1
02201609052312,022016090505,22.00,36.79,61.36,21.43,139.58,1016.80,5.00,1,1,1,0.1
02201609052313,022016090506,113.00,31.67,60.58,21.43,93.52,1017.16,5.00,1,1,1,0.1
02201609052313,022016090507,8782.00,31.67,60.58,21.43,93.97,1017.46,5.00,1,1,1,0.1
02201609052313,022016090508,42491.00,31.67,59.01,21.43,139.58,1017.30,5.00,1,1,1,0.1
02201609052314,022016090509,65535.00,36.79,61.36,21.43,93.61,1017.65,5.00,1,1,1,0.1
02201609052314,022016090510,65535.00,36.79,61.36,21.43,98.72,1017.90,5.00,1,1,1,0.1
02201609052314,022016090511,65535.00,36.79,59.01,21.43,98.24,1018.29,5.00,1,1,1,0.1
02201609052315,022016090512,65535.00,36.79,51.10,41.91,97.55,1018.59,5.00,1,1,1,0.1
02201609052315,022016090513,65535.00,21.43,51.10,21.43,101.83,1018.53,5.00,1,1,1,0.1
02201609052316,022016090514,65535.00,21.43,51.10,21.43,95.78,1018.70,5.01,1,1,1,0.1
02201609052316,022016090515,65535.00,21.43,51.10,21.43,95.64,1018.57,5.00,1,1,1,0.1
02201609052316,022016090516,65535.00,22.95,51.30,22.55,94.99,1018.79,5.00,1,1,1,0.1
02201609052317,022016090517,65535.00,22.39,37.55,22.65,94.83,1018.93,5.01,1,1,1,0.1
02201609052317,022016090518,42377.00,21.91,42.81,22.45,95.07,1019.08,5.00,1,1,1,0.1
02201609052317,022016090519,8424.00,21.91,42.34,22.39,94.99,1019.64,5.00,1,1,1,0.1
02201609052318,022016090520,197.00,21.91,34.70,22.55,94.90,1020.32,5.00,1,1,1,0.1
02201609052318,022016090521,23.00,23.73,37.89,22.39,95.49,1020.81,5.00,1,1,1,0.1
02201609052319,022016090522,20.00,23.87,38.25,22.39,95.49,1021.19,5.00,1,1,1,0.1
02201609052319,022016090523,20.00,23.73,44.79,22.39,95.50,1021.33,5.01,1,1,1,0.1
02201609062310,022016090600,20.00,23.67,38.23,22.45,95.50,1021.77,5.02,1,1,1,0.1
02201609062311,022016090601,15.00,22.89,38.42,22.19,95.43,1021.58,5.02,1,1,1,0.1
02201609062311,022016090602,15.00,22.39,40.79,21.73,95.35,1021.75,5.02,1,1,1,0.1
02201609062312,022016090603,19.00,22.79,38.14,22.39,95.37,1021.94,5.02,1,1,1,0.1
02201609062312,022016090604,18.00,22.69,38.13,22.39,95.37,1022.01,5.02,1,1,1,0.1
02201609062312,022016090605,16.00,22.55,37.77,21.79,95.34,1022.00,5.02,1,1,1,0.1
02201609062313,022016090606,172.00,22.39,36.53,21.79,95.31,1022.44,5.02,1,1,1,0.1
02201609062313,022016090607,13433.00,22.39,35.57,21.91,95.39,1022.89,5.02,1,1,1,0.1
02201609062313,022016090608,28538.00,22.55,34.62,22.03,95.43,1023.16,5.02,1,1,1,0.1
02201609062314,022016090609,57352.00,23.35,42.10,22.21,95.49,1023.25,5.02,1,1,1,0.1
02201609062314,022016090610,65535.00,22.55,39.00,23.43,94.77,1023.24,5.02,1,1,1,0.1
02201609062315,022016090611,65535.00,24.47,33.34,22.55,93.34,1023.18,5.02,1,1,1,0.1
02201609062315,022016090612,65535.00,25.23,31.16,22.83,93.44,1023.14,5.02,1,1,1,0.1
02201609062315,022016090613,65535.00,24.07,33.30,22.21,93.58,1023.05,5.02,1,1,1,1
02201609062316,022016090614,46678.00,24.59,30.82,22.63,93.37,1023.13,5.02,1,1,1,0.1
02201609062316,022016090615,65535.00,26.47,28.05,23.69,93.65,1022.82,5.02,1,1,1,1
02201609062316,022016090616,65535.00,25.51,29.47,23.35,93.55,1022.68,5.02,1,1,1,0.1
02201609062317,022016090617,65535.00,25.91,28.15,23.67,93.56,1022.34,5.02,1,1,1,0.1
02201609062317,022016090618,47360.00,24.97,28.15,23.11,93.44,1022.11,5.02,1,1,1,0.1
02201609062317,022016090619,4743.00,23.75,28.13,22.17,93.26,1021.82,5.02,1,1,1,0.1
02201609062318,022016090620,61.00,23.35,34.50,22.03,93.42,1022.05,5.02,1,1,1,0.1
02201609062318,022016090621,19.00,22.45,29.58,23.95,93.80,1022.26,5.02,1,1,1,0.1
02201609062318,022016090622,17.00,23.47,32.15,23.19,97.98,1022.21,5.02,1,1,1,0.1
02201609062319,022016090623,19.00,22.21,32.16,23.67,97.55,1022.12,5.01,1,1,1,0.1
