05201607072310,,,,,,,,,1,1,1,
05201607072310,,,,,,,,,1,1,1,
05201607072310,,,,,,,,,1,1,1,
05201607072310,,,,,,,,,1,1,1,
05201607072310,,,,,,,,,1,1,1,
05201607072310,,,,,,,,,1,1,1,
05201607072310,,,,,,,,,1,1,1,
05201607072310,,,,,,,,,1,1,1,
05201607072310,,,,,,,,,1,1,1,
05201607072310,,,,,,,,,1,1,1,
05201607072310,,,,,,,,,1,1,1,
05201607072310,,,,,,,,,1,1,1,
05201607072310,,,,,,,,,1,1,1,
05201607072310,,,,,,,,,1,1,1,
05201607072310,,,,,,,,,1,1,1,
05201607072310,,,,,,,,,1,1,1,
05201607072310,,,,,,,,,1,1,1,
05201607072311,052016070717,13011.00,24.17,51.47,26.55,51.78,1016.09,5.00,1,1,1,0.1
05201607072311,052016070718,6105.00,31.67,42.88,31.67,43.97,1015.86,5.01,1,1,1,0.1
05201607072311,052016070719,1331.00,26.23,51.74,26.55,51.78,1015.87,5.01,1,1,1,0.1
05201607072312,052016070720,1214.00,25.91,51.69,26.55,51.78,1015.40,5.01,1,1,1,0.1
05201607072312,052016070721,198.00,25.27,51.61,26.55,51.78,1015.66,5.01,1,1,1,0.1
05201607072312,052016070722,1.00,24.39,51.50,26.55,51.78,1015.73,5.01,1,1,1,0.1
05201607072313,052016070723,4811.00,26.01,51.71,26.55,51.78,1015.89,5.00,1,1,1,0.1
05201607142310,,,,,,,,,1,1,1,
05201607142310,,,,,,,,,1,1,1,
05201607142310,,,,,,,,,1,1,1,
05201607142310,,,,,,,,,1,1,1,
05201607142310,,,,,,,,,1,1,1,
05201607142310,,,,,,,,,1,1,1,
05201607142310,,,,,,,,,1,1,1,
05201607142310,,,,,,,,,1,1,1,
05201607142310,,,,,,,,,1,1,1,
05201607142310,,,,,,,,,1,1,1,
05201607142310,,,,,,,,,1,1,1,
05201607142310,,,,,,,,,1,1,1,
05201607142310,,,,,,,,,1,1,1,
05201607142310,,,,,,,,,1,1,1,
05201607142310,,,,,,,,,1,1,1,
05201607142310,,,,,,,,,1,1,1,
05201607142310,,,,,,,,,1,1,1,
05201607142310,,,,,,,,,1,1,1,
05201607142310,,,,,,,,,1,1,1,
05201607142310,,,,,,,,,1,1,1,
05201607142310,,,,,,,,,1,1,1,
05201607142310,,,,,,,,,1,1,1,
05201607142311,052016071422,5813.00,25.11,59.58,26.55,59.79,1023.51,5.00,1,1,1,1
05201607142311,052016071423,1114.00,26.03,59.72,26.55,59.79,1024.46,5.00,1,1,1,0.1
05201607152310,052016071500,1146.00,25.91,59.69,26.55,59.79,1024.56,5.01,1,1,1,0.1
05201607152310,052016071501,39.00,25.91,51.69,26.55,51.78,1024.63,5.01,1,1,1,0.1
05201607152311,052016071502,40.00,25.37,51.63,26.55,51.78,1024.56,5.01,1,1,1,0.1
05201607152311,052016071503,40.00,24.95,51.56,26.55,59.79,1024.58,5.01,1,1,1,0.1
05201607152312,052016071504,44.00,24.09,59.43,23.99,59.40,1024.70,5.01,1,1,1,0.1
05201607152312,052016071505,2785.00,23.75,59.37,23.99,59.40,1024.49,5.00,1,1,1,0.1
05201607152312,052016071506,39512.00,31.67,52.46,26.55,51.78,1024.75,5.01,1,1,1,0.1
05201607152313,052016071507,65535.00,31.67,38.48,31.67,43.43,1024.84,5.00,1,1,1,0.1
05201607152313,052016071508,65535.00,36.79,35.30,31.67,35.96,1025.16,5.01,1,1,1,0.1
05201607152313,052016071509,65535.00,46.39,15.79,39.35,27.34,1025.19,5.01,1,1,1,0.1
05201607152314,052016071510,65535.00,49.59,8.94,42.87,26.69,1025.07,5.00,1,1,1,0.1
05201607152314,052016071511,65535.00,42.67,26.69,39.35,26.44,1025.13,5.01,1,1,1,0.1
05201607152315,052016071512,65535.00,39.35,26.44,33.59,35.08,1025.07,5.00,1,1,1,1
05201607152315,052016071513,65535.00,36.79,28.03,33.91,30.15,1025.06,5.01,1,1,1,0.1
05201607152315,052016071514,65535.00,34.23,31.26,31.67,32.84,1024.82,5.01,1,1,1,0.1
05201607152316,052016071515,65535.00,32.63,34.34,31.67,34.90,1024.87,5.00,1,1,1,0.1
05201607152316,052016071516,65535.00,31.67,32.84,31.67,40.07,1024.44,5.02,1,1,1,0.1
05201607152316,052016071517,41998.00,31.67,40.21,31.67,43.97,1024.38,5.01,1,1,1,0.1
05201607152317,052016071518,22560.00,31.67,37.08,31.67,43.97,1024.24,5.01,1,1,1,0.1
05201607152317,052016071519,28796.00,31.67,42.88,31.67,52.46,1023.89,5.01,1,1,1,0.1
05201607152317,052016071520,16472.00,31.67,52.46,31.67,52.46,1023.38,5.01,1,1,1,0.1
05201607152318,052016071521,5755.00,31.67,52.46,31.67,52.46,1023.54,5.01,1,1,1,0.1
05201607152318,052016071522,44.00,25.91,51.69,26.55,51.78,1023.65,5.01,1,1,1,0.1
05201607152319,052016071523,1079.00,25.45,59.63,26.55,59.79,1023.66,5.01,1,1,1,0.1
05201607162310,052016071600,41.00,25.91,59.69,26.55,59.79,1023.70,5.00,1,1,1,1
05201607162311,052016071601,42.00,25.23,59.59,26.55,59.79,1023.54,5.00,1,1,1,0.1
05201607162311,052016071602,39.00,24.95,59.56,26.55,59.79,1023.63,4.99,1,1,1,0.1
05201607162311,052016071603,39.00,24.95,59.55,26.55,59.79,1023.37,4.99,1,1,1,0.1
05201607162312,052016071604,43.00,24.47,59.47,26.55,59.79,1023.26,5.00,1,1,1,0.1
05201607162312,052016071605,1134.00,26.47,59.79,26.55,59.79,1023.27,5.00,1,1,1,0.1
05201607162312,052016071606,9739.00,24.59,59.50,26.55,59.79,1023.37,5.00,1,1,1,0.1
05201607162313,052016071607,9737.00,25.11,59.58,26.55,59.79,1023.72,5.00,1,1,1,1
05201607162313,052016071608,47713.00,31.67,52.46,26.55,51.78,1024.02,4.99,1,1,1,0.1
05201607162314,052016071609,65535.00,31.67,43.49,31.67,52.46,1024.32,5.00,1,1,1,0.1
05201607162314,052016071610,65535.00,39.35,33.51,33.19,41.95,1024.04,4.99,1,1,1,0.1
05201607162314,052016071611,65535.00,49.59,14.67,43.47,26.76,1023.78,4.99,1,1,1,0.1
05201607162315,052016071612,65535.00,43.83,26.76,39.35,31.40,1023.57,4.99,1,1,1,0.1
05201607162315,052016071613,65535.00,36.79,29.80,34.15,40.80,1023.27,4.99,1,1,1,0.1
05201607162315,052016071614,65535.00,33.95,34.20,32.23,35.38,1022.87,4.99,1,1,1,1
05201607162316,052016071615,65535.00,36.79,34.44,32.43,36.87,1022.48,4.99,1,1,1,0.1
05201607162316,052016071616,65535.00,33.59,35.72,31.95,37.18,1022.10,4.99,1,1,1,0.1
05201607162317,052016071617,63243.00,33.71,39.37,31.67,38.55,1021.96,4.99,1,1,1,0.1
05201607162317,052016071618,65535.00,33.21,40.77,31.67,40.55,1021.78,4.99,1,1,1,0.1
05201607162317,052016071619,38630.00,31.67,36.80,31.67,43.49,1021.86,4.99,1,1,1,0.1
05201607162318,052016071620,17834.00,31.67,52.46,31.67,52.46,1021.73,4.99,1,1,1,0.1
05201607162318,052016071621,3023.00,31.67,52.46,31.67,52.46,1021.77,4.99,1,1,1,0.1
05201607162318,052016071622,1071.00,31.67,52.46,31.67,52.46,1022.06,4.99,1,1,1,0.1
05201607162319,052016071623,1137.00,31.67,52.46,31.67,52.46,1022.08,4.98,1,1,1,0.1
05201607172310,052016071700,1155.00,31.67,60.58,31.67,52.46,1021.91,4.99,1,1,1,0.1
05201607172311,052016071701,41.00,31.67,60.58,31.67,60.58,1021.91,5.00,1,1,1,0.1
05201607172311,052016071702,40.00,31.67,60.58,31.67,60.58,1021.81,4.99,1,1,1,0.1
05201607172311,052016071703,43.00,31.67,60.58,31.67,60.58,1021.70,4.99,1,1,1,0.1
05201607172312,052016071704,43.00,31.67,60.58,31.67,60.58,1021.44,4.99,1,1,1,1
05201607172312,052016071705,739.00,31.67,60.58,31.67,60.58,1021.32,4.99,1,1,1,0.1
05201607172312,052016071706,9661.00,31.67,60.58,31.67,60.58,1021.27,4.99,1,1,1,0.1
05201607172313,052016071707,37469.00,31.67,52.46,31.67,60.58,1021.56,4.99,1,1,1,0.1
05201607172313,052016071708,65535.00,33.91,37.27,31.67,52.46,1021.73,4.98,1,1,1,0.1
05201607172313,052016071709,65535.00,40.89,28.34,36.79,38.99,1021.46,4.98,1,1,1,0.1
05201607172314,052016071710,65535.00,46.39,26.94,39.67,31.86,1021.32,4.98,1,1,1,0.1
05201607172314,052016071711,7122.00,31.81,37.09,31.67,52.46,1021.26,4.98,1,1,1,0.1
05201607172315,052016071712,0.00,31.67,52.46,31.67,52.46,1021.08,4.98,1,1,1,0.1
05201607172315,052016071713,0.00,31.67,52.46,31.67,52.46,1020.85,4.99,1,1,1,0.1
05201607172315,052016071714,0.00,31.67,52.46,31.67,52.46,1020.69,4.98,1,1,1,0.1
05201607172316,052016071715,1.00,31.67,52.46,31.67,52.46,1020.57,4.98,1,1,1,0.1
05201607172316,052016071716,362.00,31.67,41.79,31.67,38.55,1020.04,4.98,1,1,1,1
05201607172316,052016071717,4.00,31.67,52.46,31.67,52.46,1019.91,4.95,1,1,1,0.1
05201607172317,052016071718,5356.00,31.67,60.58,31.67,60.58,1019.58,5.00,1,1,1,1
05201607172317,052016071719,65535.00,25.37,60.53,31.67,95.67,1019.64,5.00,1,1,1,1
05201607172317,052016071720,40195.00,25.35,70.85,26.55,94.36,1019.80,5.00,1,1,1,0.1
05201607172318,052016071721,9811.00,21.67,79.00,26.55,94.36,1020.10,5.00,1,1,1,1
05201607172318,052016071722,20.00,23.35,93.55,23.99,99.47,1020.58,5.00,1,1,1,0.1
05201607172319,052016071723,12.00,21.43,93.06,23.99,99.47,1020.85,5.00,1,1,1,0.2
05201607182310,052016071800,11.00,21.43,93.06,23.99,99.47,1020.92,5.01,1,1,1,0.1
05201607182311,052016071801,11.00,21.43,93.06,23.99,99.47,1021.00,5.00,1,1,1,1
05201607182311,052016071802,11.00,21.43,93.06,23.99,99.47,1020.91,5.00,1,1,1,0.1
05201607182311,052016071803,10.00,21.43,93.06,21.43,98.76,1020.80,5.00,1,1,1,0.1
05201607182312,052016071804,14.00,21.43,93.06,21.43,98.76,1020.57,5.00,1,1,1,0.1
05201607182312,052016071805,4358.00,21.43,93.06,21.43,98.76,1020.50,5.00,1,1,1,0.1
05201607182312,052016071806,25926.00,21.43,93.06,21.43,98.76,1020.82,5.01,1,1,1,0.1
05201607182313,052016071807,42383.00,21.43,93.06,21.43,98.76,1021.10,5.00,1,1,1,0.1
05201607182313,052016071808,65535.00,21.43,93.06,21.43,98.76,1021.13,5.00,1,1,1,0.1
05201607182313,052016071809,65535.00,23.97,74.06,21.43,98.76,1021.14,5.00,1,1,1,0.1
05201607182314,052016071810,65535.00,25.91,61.94,22.81,95.61,1021.28,5.00,1,1,1,0.1
05201607182314,052016071811,65535.00,31.67,60.58,21.81,94.33,1021.25,5.00,1,1,1,0.1
05201607182315,052016071812,65535.00,31.67,52.46,25.95,94.23,1021.30,5.00,1,1,1,1
05201607182315,052016071813,65535.00,32.63,41.87,31.67,95.67,1021.00,5.00,1,1,1,0.1
05201607182315,052016071814,65535.00,39.35,34.67,31.67,95.67,1020.83,5.00,1,1,1,0.1
05201607182316,052016071815,65535.00,39.35,26.44,31.67,95.67,1020.29,5.00,1,1,1,1
05201607182316,052016071816,65535.00,41.35,26.58,31.67,95.67,1019.91,5.00,1,1,1,0.1
05201607182316,052016071817,65535.00,41.59,26.60,31.67,95.67,1019.46,5.00,1,1,1,0.1
05201607182317,052016071818,65535.00,32.23,28.35,31.67,95.67,1019.03,5.00,1,1,1,0.1
05201607182317,052016071819,53699.00,31.67,40.14,31.67,95.67,1018.90,5.00,1,1,1,0.1
05201607182318,052016071820,35553.00,31.67,60.58,31.67,95.67,1018.80,5.01,1,1,1,0.1
05201607182318,052016071821,9120.00,25.25,63.56,26.55,100.18,1019.01,5.00,1,1,1,0.1
05201607182318,052016071822,19.00,25.47,67.08,26.55,100.18,1019.46,5.00,1,1,1,0.1
05201607182319,052016071823,10.00,23.99,67.24,26.55,100.18,1019.76,5.00,1,1,1,0.1
05201607192312,052016071900,10.00,22.09,75.42,26.55,100.18,1019.91,4.96,1,1,1,0.1
05201607192312,052016071901,10.00,21.75,75.52,23.99,99.47,1019.45,4.96,1,1,1,0.1
05201607192313,052016071902,10.00,21.43,93.06,23.99,99.47,1019.17,4.98,1,1,1,0.1
05201607192313,052016071903,10.00,21.43,93.06,23.99,99.47,1019.00,4.95,1,1,1,0.1
05201607192314,052016071904,12.00,21.43,93.06,23.99,99.47,1018.44,4.95,1,1,1,0.1
05201607192314,052016071905,4532.00,21.43,93.06,23.99,99.47,1018.37,4.97,1,1,1,0.1
05201607192314,052016071906,26905.00,21.43,93.06,21.43,98.76,1018.18,4.96,1,1,1,1
05201607192315,052016071907,53607.00,21.43,93.06,21.43,98.76,1018.37,4.96,1,1,1,0.1
05201607192315,052016071908,65535.00,23.95,74.22,23.99,99.47,1018.02,4.99,1,1,1,0.1
05201607192315,052016071909,65535.00,23.85,74.14,23.99,99.47,1017.75,5.01,1,1,1,0.1
05201607192316,052016071910,65535.00,31.67,60.58,23.35,94.84,1017.44,5.01,1,1,1,0.1
05201607192316,052016071911,65535.00,33.71,42.37,25.97,94.22,1017.03,5.00,1,1,1,0.1
05201607192316,052016071912,65535.00,36.79,36.94,31.67,95.67,1016.90,5.00,1,1,1,0.1
05201607192317,052016071913,65535.00,39.35,31.18,31.67,95.67,1016.48,5.00,1,1,1,1
05201607192317,052016071914,65535.00,39.83,30.92,32.01,95.77,1015.97,5.00,1,1,1,0.1
05201607192318,052016071915,65535.00,42.39,28.98,32.79,95.96,1015.67,5.00,1,1,1,0.1
05201607192318,052016071916,65535.00,42.15,28.44,36.79,96.98,1015.14,5.00,1,1,1,0.1
05201607192318,052016071917,65535.00,41.79,26.62,36.79,96.98,1014.57,5.00,1,1,1,0.1
05201607192319,052016071918,65535.00,33.97,28.26,32.35,95.86,1014.08,5.00,1,1,1,0.1
05201607192319,052016071919,63337.00,31.67,52.46,31.67,95.67,1013.83,5.00,1,1,1,1
05201607192319,052016071920,37177.00,31.67,60.58,31.67,95.67,1013.56,5.00,1,1,1,0.1
05201607192320,052016071921,6056.00,26.23,59.75,31.67,95.67,1013.07,5.00,1,1,1,0.1
05201607192320,052016071922,16.00,26.23,66.45,31.67,101.59,1012.77,5.01,1,1,1,0.1
05201607192320,052016071923,11.00,24.49,62.85,26.55,100.18,1012.10,5.00,1,1,1,1
05201607202310,052016072000,15.00,23.01,72.33,26.55,100.18,1011.64,5.00,1,1,1,0.1
05201607202311,052016072001,12.00,21.73,70.14,26.55,100.18,1010.85,5.01,1,1,1,0.1
05201607202311,052016072002,15.00,22.39,72.26,26.55,100.18,1010.20,5.01,1,1,1,1
05201607202311,052016072003,11.00,23.83,74.91,26.55,100.18,1009.17,5.00,1,1,1,1
05201607202312,052016072004,14.00,23.35,76.23,26.55,100.18,1008.01,5.00,1,1,1,0.1
05201607202312,052016072005,7992.00,23.43,79.30,23.99,99.47,1007.20,5.01,1,1,1,0.1
05201607202312,052016072006,54201.00,23.35,70.88,23.99,99.47,1006.81,5.01,1,1,1,0.1
05201607202313,052016072007,65535.00,26.39,63.16,26.55,100.18,1006.47,5.01,1,1,1,0.1
05201607202313,052016072008,65535.00,24.95,65.47,26.55,100.18,1005.95,5.01,1,1,1,1
05201607202314,052016072009,65535.00,25.91,62.84,26.55,100.18,1006.41,5.01,1,1,1,0.1
05201607202314,052016072010,65535.00,26.23,64.09,26.47,94.36,1007.04,5.01,1,1,1,0.1
05201607202314,052016072011,65535.00,31.67,60.58,26.07,93.96,1007.06,5.00,1,1,1,1
05201607202315,052016072012,65535.00,25.29,63.51,26.55,94.36,1007.88,5.00,1,1,1,0.1
05201607202315,052016072013,65535.00,32.01,52.52,31.67,95.67,1007.79,5.00,1,1,1,0.1
05201607202315,052016072014,65535.00,39.35,42.96,31.67,95.67,1008.14,5.00,1,1,1,0.1
05201607202316,052016072015,65535.00,40.13,33.58,31.93,95.76,1008.39,5.00,1,1,1,0.1
05201607202316,052016072016,65535.00,39.35,36.54,33.01,96.03,1008.52,5.00,1,1,1,0.1
05201607202316,052016072017,65535.00,39.35,30.00,33.19,96.07,1008.54,5.00,1,1,1,1
05201607202317,052016072018,65535.00,32.35,42.96,31.67,95.67,1008.97,5.00,1,1,1,0.1
05201607202317,052016072019,62756.00,31.67,41.79,31.67,95.67,1008.92,5.01,1,1,1,0.1
05201607202318,052016072020,40278.00,31.67,52.46,31.67,95.67,1009.65,5.01,1,1,1,0.1
05201607202318,052016072021,7530.00,26.23,59.74,31.67,101.59,1010.87,5.01,1,1,1,0.1
05201607202318,052016072022,17.00,22.95,59.24,26.55,100.18,1011.86,5.01,1,1,1,0.1
05201607202319,052016072023,11.00,23.03,60.27,26.55,100.18,1012.16,5.01,1,1,1,1
05201607212310,052016072100,11.00,21.43,64.70,26.55,100.18,1012.76,5.01,1,1,1,0.1
05201607212311,052016072101,13.00,21.43,70.13,23.99,99.47,1012.69,5.00,1,1,1,1
05201607212311,052016072102,13.00,21.43,72.19,23.99,99.47,1012.82,5.00,1,1,1,0.1
05201607212311,052016072103,12.00,21.43,77.87,23.99,99.47,1012.82,5.01,1,1,1,0.1
05201607212312,052016072104,12.00,21.43,79.18,23.99,99.47,1012.99,5.00,1,1,1,1
05201607212312,052016072105,11126.00,21.43,79.03,21.43,99.47,1013.44,5.00,1,1,1,0.1
05201607212312,052016072106,65535.00,21.43,79.24,21.43,98.76,1013.83,5.00,1,1,1,0.1
05201607212313,052016072107,65535.00,21.43,74.16,36.79,43.99,1014.18,5.00,1,1,1,0.1
05201607212313,052016072108,65535.00,21.43,70.97,23.99,99.38,1014.84,5.00,1,1,1,0.1
05201607212313,052016072109,65535.00,23.35,63.26,23.99,99.47,1015.07,5.00,1,1,1,0.1
05201607212314,052016072110,65535.00,25.15,59.59,-22.09,86.75,1015.41,5.00,1,1,1,1
05201607212314,052016072111,65535.00,31.67,52.46,39.35,42.61,1015.51,5.01,1,1,1,0.1
05201607212315,052016072112,65535.00,31.67,52.46,26.01,94.24,1015.37,5.00,1,1,1,0.1
05201607212315,052016072113,65535.00,31.67,42.88,31.67,95.67,1015.35,5.00,1,1,1,0.1
05201607212315,052016072114,65535.00,32.33,34.04,31.67,95.67,1015.32,5.00,1,1,1,0.1
05201607212316,052016072115,65535.00,31.67,46.26,31.67,95.67,1015.17,5.01,1,1,1,0.1
05201607212316,052016072116,65535.00,32.63,34.14,31.67,95.67,1015.17,5.00,1,1,1,0.1
05201607212316,052016072117,65535.00,31.67,39.52,31.67,95.67,1015.22,5.01,1,1,1,0.1
05201607212317,052016072118,65535.00,31.67,52.46,31.67,95.67,1015.15,5.01,1,1,1,0.1
05201607212317,052016072119,65535.00,23.67,93.63,26.55,100.18,1014.99,5.00,1,1,1,0.1
05201607212317,052016072120,6751.00,21.73,93.14,26.55,100.18,1015.22,5.00,1,1,1,0.1
05201607212318,052016072121,1360.00,21.91,93.19,26.55,100.18,1015.63,5.01,1,1,1,0.1
05201607212318,052016072122,20.00,21.67,93.12,23.99,99.47,1015.99,5.00,1,1,1,0.1
05201607212319,052016072123,16.00,21.43,93.06,23.99,99.47,1016.54,5.00,1,1,1,0.1
05201607222310,052016072200,15.00,21.43,93.06,23.99,99.47,1016.59,4.99,1,1,1,0.2
05201607222311,052016072201,14.00,21.43,93.06,23.99,99.47,1016.51,4.99,1,1,1,0.1
05201607222311,052016072202,16.00,21.43,93.06,23.99,99.47,1016.66,4.99,1,1,1,0.1
05201607222311,052016072203,15.00,21.43,93.06,23.99,99.47,1016.21,4.99,1,1,1,0.1
05201607222312,052016072204,15.00,21.43,93.06,-22.09,86.75,1015.95,4.98,1,1,1,0.1
05201607222312,052016072205,1609.00,21.43,93.06,36.79,44.54,1016.01,4.99,1,1,1,0.1
05201607222313,052016072206,52352.00,21.43,93.06,-22.09,86.75,1016.43,4.98,1,1,1,0.1
05201607222313,052016072207,65535.00,21.43,93.06,36.79,44.27,1016.69,4.99,1,1,1,1
05201607222313,052016072208,65535.00,21.43,93.06,23.99,98.07,1017.25,4.96,1,1,1,0.1
05201607222314,052016072209,65535.00,21.43,93.06,36.79,43.44,1017.45,4.98,1,1,1,1
05201607222314,052016072210,65535.00,22.55,93.32,23.97,93.71,1017.46,4.99,1,1,1,0.1
05201607222314,052016072211,65535.00,23.67,93.63,23.99,94.31,1017.61,4.98,1,1,1,0.1
05201607222315,052016072212,65535.00,31.67,72.59,39.35,42.61,1017.55,4.98,1,1,1,0.1
05201607222315,052016072213,65535.00,31.67,60.58,25.37,94.08,1017.64,4.98,1,1,1,0.1
05201607222315,052016072214,65535.00,24.19,79.45,26.07,94.24,1017.58,4.99,1,1,1,0.1
05201607222316,052016072215,65535.00,24.95,69.92,26.55,94.36,1017.71,4.98,1,1,1,0.1
05201607222316,052016072216,65535.00,23.73,71.19,-22.09,86.75,1017.83,4.96,1,1,1,0.1
05201607222317,052016072217,65535.00,22.09,80.69,39.35,44.83,1017.76,4.96,1,1,1,0.1
05201607222317,052016072218,65535.00,24.95,80.45,26.55,94.36,1017.39,4.97,1,1,1,0.1
05201607222317,052016072219,65535.00,22.63,93.37,23.99,99.47,1017.36,4.99,1,1,1,0.1
05201607222318,052016072220,27460.00,23.67,93.63,23.99,99.47,1017.82,4.99,1,1,1,0.1
05201607222318,052016072221,3976.00,21.43,93.06,23.99,99.47,1018.34,4.98,1,1,1,0.1
05201607222318,052016072222,13.00,21.43,93.06,23.99,99.47,1018.70,4.99,1,1,1,0.1
05201607222319,052016072223,11.00,21.43,93.06,23.99,99.47,1018.89,4.98,1,1,1,0.1
05201607232310,052016072300,11.00,21.43,93.06,36.79,43.44,1018.99,5.00,1,1,1,0.1
05201607232311,052016072301,11.00,21.43,93.06,21.43,98.76,1018.97,5.00,1,1,1,0.1
05201607232311,052016072302,11.00,21.43,93.06,21.43,97.72,1018.85,5.00,1,1,1,0.1
05201607232311,052016072303,12.00,21.43,93.06,21.43,98.51,1018.49,5.00,1,1,1,0.1
05201607232312,052016072304,12.00,21.43,108.76,21.43,98.76,1018.59,5.00,1,1,1,0.1
05201607232312,052016072305,1739.00,21.43,93.06,21.43,93.84,1018.30,5.00,1,1,1,0.1
05201607232312,052016072306,23845.00,21.43,93.06,21.43,94.15,1018.45,5.00,1,1,1,0.1
05201607232313,052016072307,50269.00,21.43,93.06,21.43,94.15,1018.74,5.00,1,1,1,0.1
05201607232313,052016072308,65535.00,21.43,93.06,21.43,93.52,1019.09,5.00,1,1,1,0.1
05201607232313,052016072309,65535.00,21.43,93.06,21.43,98.59,1019.31,5.00,1,1,1,0.1
05201607232314,052016072310,65535.00,25.91,73.82,21.73,96.74,1019.17,5.00,1,1,1,0.1
05201607232314,052016072311,65535.00,31.67,72.18,23.85,95.89,1019.20,5.00,1,1,1,0.1
05201607232315,052016072312,65535.00,31.67,52.46,24.47,93.84,1019.18,5.00,1,1,1,0.1
05201607232315,052016072313,65535.00,31.91,52.49,26.01,94.24,1019.17,5.00,1,1,1,0.1
05201607232315,052016072314,65535.00,33.59,43.71,31.67,95.67,1018.93,5.00,1,1,1,0.1
05201607232316,052016072315,65535.00,36.79,40.60,31.67,95.67,1018.45,5.00,1,1,1,0.1
05201607232316,052016072316,65535.00,31.67,40.62,31.67,95.67,1018.08,5.00,1,1,1,0.1
05201607232316,052016072317,65535.00,31.67,60.58,31.67,95.67,1017.65,5.00,1,1,1,0.1
05201607232317,052016072318,65535.00,31.67,52.46,31.67,95.67,1017.50,5.00,1,1,1,0.1
05201607232317,052016072319,65535.00,26.39,51.77,31.67,101.59,1017.83,5.00,1,1,1,0.1
05201607232317,052016072320,30313.00,26.49,51.78,26.55,100.18,1018.27,5.00,1,1,1,0.1
05201607232318,052016072321,4180.00,24.23,59.45,26.55,100.18,1018.43,5.00,1,1,1,0.1
05201607232318,052016072322,15.00,22.91,61.27,26.55,100.18,1018.91,5.00,1,1,1,0.1
05201607232319,052016072323,11.00,23.73,65.10,26.55,100.18,1019.02,5.00,1,1,1,0.1
05201607282310,,,,,,,,,1,1,1,
05201607282310,,,,,,,,,1,1,1,
05201607282310,,,,,,,,,1,1,1,
05201607282310,,,,,,,,,1,1,1,
05201607282310,,,,,,,,,1,1,1,
05201607282310,,,,,,,,,1,1,1,
05201607282310,,,,,,,,,1,1,1,
05201607282310,,,,,,,,,1,1,1,
05201607282310,,,,,,,,,1,1,1,
05201607282310,,,,,,,,,1,1,1,
05201607282310,,,,,,,,,1,1,1,
05201607282310,,,,,,,,,1,1,1,
05201607282310,052016072812,65535.00,31.67,34.97,25.53,96.31,1013.29,4.98,1,1,1,0.1
05201607282311,052016072813,65535.00,24.01,51.44,23.99,99.47,1013.02,4.99,1,1,1,0.1
05201607282311,052016072814,65535.00,23.67,59.35,21.43,98.76,1012.53,4.99,1,1,1,0.1
05201607282311,052016072815,65535.00,23.35,59.30,21.43,98.76,1012.55,4.99,1,1,1,0.1
05201607282312,052016072816,65535.00,21.43,68.72,21.43,98.76,1012.15,4.99,1,1,1,0.1
05201607282312,052016072817,65535.00,21.43,76.32,21.43,98.76,1011.71,4.99,1,1,1,0.1
05201607282313,052016072818,65535.00,21.43,75.41,21.43,98.76,1011.31,4.99,1,1,1,0.1
05201607282313,052016072819,65535.00,21.43,79.24,21.43,98.76,1010.86,4.99,1,1,1,0.1
05201607282313,052016072820,29192.00,21.43,80.43,21.43,98.76,1010.69,4.99,1,1,1,0.1
05201607282314,052016072821,2583.00,21.43,93.06,21.43,98.76,1010.69,4.99,1,1,1,0.1
05201607282314,052016072822,11.00,21.43,93.06,21.43,98.76,1010.34,4.99,1,1,1,0.1
05201607282314,052016072823,10.00,21.43,93.06,21.43,98.76,1010.39,4.99,1,1,1,0.1
05201607292310,052016072900,14.00,21.43,93.06,21.43,98.76,1010.39,4.98,1,1,1,0.1
05201607292311,052016072901,15.00,21.43,93.06,21.43,98.76,1010.16,4.98,1,1,1,0.1
05201607292311,052016072902,15.00,21.43,93.06,21.43,98.76,1009.78,4.98,1,1,1,0.1
05201607292311,052016072903,9.00,21.43,93.06,21.43,104.11,1009.69,4.98,1,1,1,0.1
05201607292312,052016072904,12.00,21.43,93.06,21.43,104.11,1009.37,4.99,1,1,1,0.1
05201607292312,052016072905,631.00,21.43,93.06,21.43,104.11,1009.36,4.99,1,1,1,0.1
05201607292312,052016072906,36680.00,21.43,93.06,21.43,104.11,1009.16,4.99,1,1,1,0.1
05201607292313,052016072907,55740.00,21.43,93.06,21.43,104.11,1009.53,4.99,1,1,1,0.1
05201607292313,052016072908,65535.00,21.43,93.06,21.43,98.68,1009.64,4.99,1,1,1,0.1
05201607292313,052016072909,65535.00,21.43,93.06,21.43,98.59,1009.58,4.99,1,1,1,0.1
05201607292314,052016072910,65535.00,21.43,93.06,21.43,98.24,1009.63,4.99,1,1,1,0.1
05201607292314,052016072911,65535.00,21.43,93.06,21.43,97.37,1009.75,4.98,1,1,1,0.1
05201607292315,052016072912,65535.00,21.43,93.06,33.93,43.12,1009.61,4.99,1,1,1,0.1
05201607292315,052016072913,65535.00,23.39,67.58,21.47,95.60,1009.43,4.99,1,1,1,0.1
05201607292315,052016072914,65535.00,24.33,70.21,22.45,96.66,1009.41,4.99,1,1,1,0.1
05201607292316,052016072915,65535.00,23.67,62.42,21.43,98.07,1009.45,4.99,1,1,1,0.1
05201607292316,052016072916,42802.00,23.35,70.99,21.43,98.76,1009.47,4.99,1,1,1,0.1
05201607292316,052016072917,65535.00,21.43,80.33,21.43,98.76,1009.26,4.99,1,1,1,0.1
05201607292317,052016072918,65535.00,22.05,60.90,21.43,93.52,1009.27,4.99,1,1,1,0.1
05201607292317,052016072919,50618.00,21.79,72.06,21.43,98.76,1009.32,4.99,1,1,1,0.1
05201607292317,052016072920,22806.00,21.43,71.97,21.43,97.37,1009.39,4.98,1,1,1,0.1
05201607292318,052016072921,338.00,21.43,71.97,33.63,43.20,1009.90,4.99,1,1,1,0.1
05201607292318,052016072922,15.00,21.43,93.06,21.43,97.55,1010.44,4.99,1,1,1,0.1
05201607292319,052016072923,11.00,21.43,93.06,21.43,93.42,1010.77,4.99,1,1,1,0.1
05201607302310,052016073000,13.00,21.43,79.71,21.43,93.79,1010.91,4.98,1,1,1,0.1
05201607302311,052016073001,13.00,21.43,93.06,21.43,94.15,1010.96,4.98,1,1,1,0.1
05201607302311,052016073002,14.00,21.43,93.06,21.43,94.34,1010.99,4.98,1,1,1,0.2
05201607302311,052016073003,13.00,21.43,93.06,21.43,94.70,1011.18,4.98,1,1,1,0.1
05201607302312,052016073004,11.00,21.43,93.06,21.43,95.24,1011.06,4.98,1,1,1,0.1
05201607302312,052016073005,562.00,21.43,93.06,21.43,95.42,1011.25,4.98,1,1,1,0.1
05201607302313,052016073006,30699.00,21.43,93.06,21.43,95.82,1011.36,4.98,1,1,1,0.1
05201607302313,052016073007,27374.00,21.43,93.06,21.43,95.24,1011.76,4.98,1,1,1,0.1
05201607302313,052016073008,59975.00,21.43,80.23,21.43,94.79,1011.90,4.98,1,1,1,0.1
05201607302314,052016073009,65535.00,21.43,76.97,21.43,94.52,1012.13,4.98,1,1,1,0.1
05201607302314,052016073010,65535.00,21.43,81.82,21.43,94.20,1012.31,4.98,1,1,1,0.1
05201607302314,052016073011,65535.00,21.43,68.83,21.43,94.15,1012.54,4.98,1,1,1,0.1
05201607302315,052016073012,65535.00,21.81,69.79,21.43,98.59,1012.62,4.98,1,1,1,0.1
05201607302315,052016073013,65535.00,24.17,59.44,22.57,98.38,1012.48,4.98,1,1,1,0.1
05201607302315,052016073014,65535.00,24.99,51.57,21.67,97.43,1012.41,4.98,1,1,1,0.1
05201607302316,052016073015,65535.00,24.95,59.55,21.81,97.50,1012.39,4.97,1,1,1,1
05201607302316,052016073016,65535.00,24.25,59.45,21.99,97.61,1012.16,4.98,1,1,1,0.1
05201607302317,052016073017,65535.00,22.97,66.36,22.01,97.55,1012.49,4.97,1,1,1,0.1
05201607302317,052016073018,65535.00,22.05,64.81,22.21,98.99,1012.38,4.98,1,1,1,0.1
05201607302317,052016073019,65535.00,23.99,59.03,21.99,93.57,1012.32,4.97,1,1,1,0.1
05201607302318,052016073020,31484.00,21.81,62.65,21.43,94.25,1012.50,4.97,1,1,1,0.1
05201607302318,052016073021,1359.00,21.43,85.40,21.43,97.37,1013.02,4.96,1,1,1,0.1
05201607302318,052016073022,13.00,21.43,74.44,21.43,96.40,1013.29,4.97,1,1,1,0.1
05201607302319,052016073023,12.00,21.43,78.87,21.43,97.37,1013.47,4.97,1,1,1,0.1
05201607312310,052016073100,12.00,21.43,79.71,21.43,97.37,1013.68,4.97,1,1,1,0.1
05201607312311,052016073101,14.00,21.43,76.32,21.43,97.37,1014.07,4.97,1,1,1,0.1
05201607312311,052016073102,12.00,21.43,77.50,21.43,97.46,1014.07,4.97,1,1,1,0.1
05201607312311,052016073103,12.00,21.43,81.69,21.43,97.55,1013.98,4.97,1,1,1,0.1
05201607312312,052016073104,13.00,21.43,80.43,21.43,98.07,1014.21,4.97,1,1,1,0.1
05201607312312,052016073105,340.00,21.43,77.55,21.43,98.07,1014.35,4.96,1,1,1,0.1
05201607312312,052016073106,9595.00,21.43,75.79,21.43,98.07,1014.47,4.95,1,1,1,0.1
05201607312313,052016073107,43286.00,21.43,73.84,21.43,97.37,1015.06,4.96,1,1,1,0.1
05201607312313,052016073108,65535.00,21.43,78.87,21.43,96.67,1015.46,4.94,1,1,1,0.1
05201607312313,052016073109,65535.00,21.43,69.74,21.43,95.78,1015.61,4.95,1,1,1,1
05201607312314,052016073110,65535.00,22.79,64.93,21.43,94.15,1015.62,4.95,1,1,1,0.1
05201607312314,052016073111,65535.00,23.71,51.40,21.43,98.42,1015.69,4.95,1,1,1,0.1
05201607312315,052016073112,65535.00,26.51,52.46,22.85,97.76,1015.81,4.95,1,1,1,0.1
05201607312315,052016073113,65535.00,26.23,51.73,22.97,97.87,1015.97,4.95,1,1,1,0.1
05201607312315,052016073114,65535.00,23.35,59.30,22.39,98.64,1016.03,4.95,1,1,1,0.1
05201607312316,052016073115,65535.00,25.47,51.65,22.39,97.63,1016.25,4.95,1,1,1,0.1
05201607312316,052016073116,65535.00,25.91,51.69,21.61,97.49,1016.24,4.99,1,1,1,0.1
05201607312316,052016073117,65535.00,23.85,59.39,23.83,98.73,1016.17,4.99,1,1,1,0.1
05201607312317,052016073118,65535.00,21.57,62.96,22.57,99.10,1016.26,4.99,1,1,1,0.1
05201607312317,052016073119,65535.00,23.35,59.31,21.99,93.84,1016.19,4.99,1,1,1,0.1
05201607312317,052016073120,27910.00,21.43,59.01,21.43,94.61,1016.32,4.99,1,1,1,0.1
05201607312318,052016073121,1038.00,21.43,64.99,21.43,95.33,1016.47,4.99,1,1,1,0.1
05201607312318,052016073122,13.00,21.43,71.02,21.43,95.69,1016.83,4.99,1,1,1,0.1
05201607312319,052016073123,12.00,21.43,64.70,21.43,95.96,1016.99,4.99,1,1,1,0.1
05201608012311,052016080100,12.00,21.43,69.51,21.43,95.96,1017.38,4.96,1,1,1,0.1
05201608012312,052016080101,12.00,21.43,67.24,21.43,96.36,1017.60,4.96,1,1,1,0.1
05201608012312,052016080102,12.00,21.43,70.74,21.43,97.37,1017.74,4.96,1,1,1,0.1
05201608012312,052016080103,11.00,21.43,74.65,21.43,97.37,1017.87,4.94,1,1,1,0.1
05201608012313,052016080104,11.00,21.43,78.87,21.43,98.07,1017.83,4.96,1,1,1,0.1
05201608012313,052016080105,298.00,21.43,78.87,21.43,98.24,1017.76,4.96,1,1,1,0.1
05201608012313,052016080106,31937.00,21.43,76.38,21.43,98.42,1017.98,4.95,1,1,1,0.1
05201608012314,052016080107,65535.00,21.43,77.97,21.43,98.07,1018.13,4.95,1,1,1,1
05201608012314,052016080108,65535.00,21.43,69.96,21.43,97.37,1018.15,4.96,1,1,1,0.1
05201608012315,052016080109,65535.00,21.43,64.70,21.43,96.40,1018.23,4.95,1,1,1,1
05201608012315,052016080110,65535.00,21.43,59.85,21.43,95.78,1018.76,4.95,1,1,1,0.1
05201608012315,052016080111,65535.00,21.43,64.70,21.43,95.28,1018.82,4.96,1,1,1,0.1
05201608012316,052016080112,65535.00,21.43,60.69,21.43,94.25,1018.57,4.95,1,1,1,0.1
05201608012316,052016080113,65535.00,21.43,59.01,21.43,93.97,1018.20,4.95,1,1,1,0.1
05201608012316,052016080114,65535.00,21.43,59.85,21.43,94.15,1017.98,4.95,1,1,1,0.1
05201608012317,052016080115,65535.00,21.43,77.83,21.43,95.60,1017.89,4.95,1,1,1,0.1
05201608012317,052016080116,65535.00,21.43,77.28,21.43,96.22,1017.65,4.95,1,1,1,0.1
05201608012317,052016080117,65535.00,21.43,70.52,21.43,97.37,1017.01,4.95,1,1,1,0.1
05201608012318,052016080118,65535.00,21.43,71.97,21.43,97.37,1016.64,4.95,1,1,1,0.1
05201608012318,052016080119,25284.00,21.43,108.76,21.43,98.42,1016.20,4.98,1,1,1,0.1
05201608012319,052016080120,10874.00,21.43,93.06,21.43,104.11,1015.50,4.95,1,1,1,0.1
05201608012319,052016080121,232.00,21.43,93.06,21.43,104.11,1014.90,4.95,1,1,1,0.1
05201608012319,052016080122,14.00,21.43,95.24,21.43,104.11,1014.30,4.99,1,1,1,0.1
05201608012320,052016080123,14.00,21.43,95.91,21.43,104.11,1013.30,4.99,1,1,1,0.1
05201608022310,052016080200,13.00,21.43,96.40,21.43,104.11,1012.11,4.95,1,1,1,1
05201608022311,052016080201,12.00,21.43,97.37,21.43,104.11,1010.85,4.99,1,1,1,0.1
05201608022311,052016080202,15.00,21.43,97.42,21.43,104.11,1009.96,4.99,1,1,1,0.1
05201608022311,052016080203,12.00,21.43,98.07,21.43,98.76,1009.02,4.99,1,1,1,0.1
05201608022312,052016080204,13.00,21.43,97.37,21.43,98.07,1008.64,4.99,1,1,1,0.1
05201608022312,052016080205,105.00,21.43,97.46,21.43,98.07,1008.26,4.99,1,1,1,0.1
05201608022313,052016080206,5577.00,21.43,97.55,21.43,98.07,1008.01,4.99,1,1,1,0.1
05201608022313,052016080207,20295.00,21.43,97.37,21.43,97.37,1008.25,4.99,1,1,1,0.1
05201608022313,052016080208,65535.00,21.43,97.37,21.43,97.37,1008.30,4.99,1,1,1,0.1
05201608022314,052016080209,65535.00,21.43,96.58,21.43,97.37,1008.45,4.99,1,1,1,0.1
05201608022314,052016080210,65535.00,21.43,96.27,21.43,96.22,1008.56,4.99,1,1,1,0.1
05201608022314,052016080211,65535.00,21.43,95.69,21.43,95.78,1008.54,4.99,1,1,1,0.1
05201608022315,052016080212,65535.00,21.43,95.33,21.43,95.60,1008.68,4.99,1,1,1,0.1
05201608022315,052016080213,65535.00,21.43,96.27,21.43,95.69,1008.83,4.99,1,1,1,0.1
05201608022315,052016080214,65535.00,21.43,95.69,21.43,95.24,1008.71,4.99,1,1,1,0.1
05201608022316,052016080215,65535.00,21.43,95.24,21.43,95.24,1008.86,4.99,1,1,1,0.1
05201608022316,052016080216,65535.00,21.43,94.88,21.43,95.24,1008.88,4.99,1,1,1,0.1
05201608022317,052016080217,49181.00,21.43,95.64,21.43,95.24,1008.67,4.99,1,1,1,0.1
05201608022317,052016080218,65535.00,21.43,95.96,21.43,95.24,1008.62,4.99,1,1,1,0.1
05201608022317,052016080219,15274.00,21.43,94.43,21.43,95.24,1008.35,4.99,1,1,1,0.1
05201608022318,052016080220,26608.00,21.43,93.06,21.43,95.60,1008.63,4.99,1,1,1,0.1
05201608022318,052016080221,166.00,21.43,93.06,21.43,95.87,1008.79,4.99,1,1,1,0.1
05201608022318,052016080222,17.00,21.43,93.06,21.43,96.05,1008.79,4.99,1,1,1,0.1
05201608022319,052016080223,17.00,21.43,93.06,21.43,96.22,1008.60,4.99,1,1,1,0.1
05201608032310,052016080300,15.00,21.43,93.06,21.43,96.40,1008.51,4.98,1,1,1,0.1
05201608032311,052016080301,15.00,21.43,93.06,21.43,96.22,1007.70,4.98,1,1,1,0.1
05201608032311,052016080302,16.00,21.43,93.06,21.43,96.27,1007.65,4.98,1,1,1,0.1
05201608032311,052016080303,15.00,21.43,93.06,21.43,96.31,1007.01,4.98,1,1,1,0.1
05201608032312,052016080304,16.00,21.43,93.06,21.43,96.40,1006.80,4.99,1,1,1,0.1
05201608032312,052016080305,26.00,21.43,93.06,21.43,96.27,1006.53,4.99,1,1,1,0.1
05201608032312,052016080306,10755.00,21.43,93.06,21.43,96.27,1006.35,4.99,1,1,1,0.1
05201608032313,052016080307,36929.00,21.43,93.06,21.43,96.13,1006.24,4.99,1,1,1,0.1
05201608032313,052016080308,65535.00,21.43,76.32,21.43,96.27,1006.58,4.99,1,1,1,0.1
05201608032313,052016080309,65535.00,21.43,77.71,21.43,96.18,1007.09,4.99,1,1,1,0.1
05201608032314,052016080310,65535.00,21.43,72.85,21.43,95.87,1006.87,4.99,1,1,1,0.1
05201608032314,052016080311,65535.00,22.63,63.24,21.43,94.88,1007.03,4.99,1,1,1,0.1
05201608032315,052016080312,65535.00,24.29,59.46,22.39,98.86,1006.63,4.99,1,1,1,0.1
05201608032315,052016080313,65535.00,25.19,59.60,23.35,99.12,1006.54,4.99,1,1,1,0.1
05201608032315,052016080314,65535.00,23.51,63.96,22.55,99.08,1006.17,4.99,1,1,1,0.1
05201608032316,052016080315,65535.00,24.95,59.56,21.99,97.81,1005.87,4.99,1,1,1,0.1
05201608032316,052016080316,65535.00,24.05,59.41,23.97,99.11,1005.66,4.99,1,1,1,0.1
05201608032316,052016080317,65535.00,24.37,59.47,23.75,99.06,1005.32,4.99,1,1,1,0.1
05201608032317,052016080318,65535.00,22.13,59.95,22.69,99.04,1004.95,4.99,1,1,1,0.1
05201608032317,052016080319,51013.00,22.63,65.84,21.43,93.88,1005.25,4.99,1,1,1,0.1
05201608032317,052016080320,11614.00,21.43,64.70,21.43,94.43,1005.52,4.99,1,1,1,0.1
05201608032318,052016080321,470.00,21.43,79.24,21.43,95.60,1005.97,4.99,1,1,1,0.1
05201608032318,052016080322,10.00,21.43,93.06,21.43,96.22,1006.16,4.99,1,1,1,0.1
05201608032319,052016080323,11.00,21.43,78.87,21.43,96.67,1006.38,4.99,1,1,1,0.1
05201608042310,052016080400,9.00,21.43,74.54,21.43,97.37,1006.57,4.99,1,1,1,0.1
05201608042311,052016080401,14.00,21.43,93.36,21.43,97.37,1006.44,4.99,1,1,1,0.1
05201608042311,052016080402,10.00,21.43,78.87,21.43,97.37,1006.29,4.99,1,1,1,0.1
05201608042311,052016080403,11.00,21.43,77.12,21.43,97.37,1006.32,4.99,1,1,1,0.1
05201608042312,052016080404,11.00,21.43,80.33,21.43,97.46,1006.24,4.99,1,1,1,0.1
05201608042312,052016080405,133.00,21.43,74.54,21.43,97.46,1006.34,4.99,1,1,1,0.1
05201608042312,052016080406,9372.00,21.43,80.38,21.43,97.55,1006.70,4.99,1,1,1,0.1
05201608042313,052016080407,52278.00,21.43,78.87,21.43,97.37,1007.00,4.99,1,1,1,1
05201608042313,052016080408,65535.00,21.43,78.87,21.43,97.37,1007.10,4.99,1,1,1,0.1
05201608042313,052016080409,65535.00,21.43,72.85,21.43,95.87,1007.43,4.99,1,1,1,0.1
05201608042314,052016080410,65535.00,21.43,71.97,21.43,95.24,1007.75,4.99,1,1,1,0.1
05201608042314,052016080411,65535.00,22.39,62.98,21.43,98.68,1007.57,4.99,1,1,1,0.1
05201608042315,052016080412,65535.00,22.89,59.24,21.43,98.07,1007.70,4.99,1,1,1,0.1
05201608042315,052016080413,65535.00,23.85,59.39,21.43,98.42,1007.80,4.99,1,1,1,0.1
05201608042315,052016080414,65535.00,23.75,59.37,21.43,98.42,1007.91,4.99,1,1,1,0.1
05201608042316,052016080415,65535.00,25.45,51.64,23.35,97.89,1008.11,4.99,1,1,1,0.1
05201608042316,052016080416,65535.00,24.47,59.49,23.35,97.89,1008.25,4.99,1,1,1,0.1
05201608042316,052016080417,65535.00,23.41,59.32,23.35,98.25,1008.49,4.99,1,1,1,0.1
05201608042317,052016080418,65535.00,23.01,59.30,23.67,98.07,1009.07,4.99,1,1,1,0.1
05201608042317,052016080419,65535.00,23.39,61.00,22.23,98.89,1009.89,4.99,1,1,1,0.1
05201608042317,052016080420,15200.00,21.43,66.09,21.43,94.25,1010.75,4.99,1,1,1,0.1
05201608042318,052016080421,399.00,21.43,65.11,21.43,95.24,1011.50,4.99,1,1,1,0.1
05201608042318,052016080422,9.00,21.43,70.52,21.43,95.60,1012.06,4.99,1,1,1,0.1
05201608042319,052016080423,7.00,21.43,72.30,21.43,96.00,1012.63,4.99,1,1,1,0.2
05201608052310,052016080500,7.00,21.43,80.43,21.43,97.37,1013.16,4.98,1,1,1,0.1
05201608052311,052016080501,7.00,21.43,79.29,21.43,97.37,1013.55,4.94,1,1,1,0.1
05201608052311,052016080502,7.00,21.43,93.06,21.43,97.46,1013.92,4.98,1,1,1,0.1
05201608052311,052016080503,7.00,21.43,93.06,21.43,97.72,1014.46,4.98,1,1,1,0.1
05201608052312,052016080504,7.00,21.43,93.06,21.43,98.07,1015.01,4.98,1,1,1,0.1
05201608052312,052016080505,94.00,21.43,93.06,21.43,98.24,1015.65,4.98,1,1,1,0.1
05201608052312,052016080506,6309.00,21.43,93.06,21.43,98.42,1016.31,4.98,1,1,1,0.1
05201608052313,052016080507,24690.00,21.43,93.06,21.43,98.07,1016.63,4.98,1,1,1,0.1
05201608052313,052016080508,65535.00,21.43,80.33,21.43,97.37,1017.31,4.98,1,1,1,0.1
05201608052314,052016080509,65535.00,21.43,74.82,21.43,96.40,1018.05,4.98,1,1,1,0.1
05201608052314,052016080510,65535.00,23.97,60.36,21.43,93.47,1018.52,4.99,1,1,1,0.1
05201608052314,052016080511,65535.00,24.55,59.49,21.75,97.61,1018.76,4.99,1,1,1,0.1
05201608052315,052016080512,65535.00,25.11,59.57,21.91,96.23,1019.11,4.99,1,1,1,0.1
05201608052315,052016080513,65535.00,31.67,52.46,24.57,94.67,1019.25,5.05,1,1,1,0.1
05201608052315,052016080514,65535.00,31.67,35.54,31.67,95.67,1019.46,5.05,1,1,1,0.1
05201608052316,052016080515,65535.00,31.67,42.95,31.67,95.67,1019.60,5.05,1,1,1,0.1
05201608052316,052016080516,65535.00,31.67,32.84,31.67,95.67,1019.57,5.05,1,1,1,0.1
05201608052316,052016080517,65535.00,31.67,41.79,25.91,94.20,1019.63,5.05,1,1,1,0.1
05201608052317,052016080518,65535.00,26.23,59.74,25.95,94.23,1019.60,5.05,1,1,1,0.1
05201608052317,052016080519,50038.00,24.39,59.47,24.19,93.77,1019.69,5.05,1,1,1,0.1
05201608052318,052016080520,29064.00,22.39,59.16,22.65,93.38,1020.27,5.05,1,1,1,0.1
05201608052318,052016080521,124.00,23.35,66.42,23.95,94.01,1020.80,5.05,1,1,1,0.1
05201608052318,052016080522,6.00,21.43,65.63,22.73,95.59,1021.58,5.04,1,1,1,0.1
05201608052319,052016080523,6.00,21.43,65.63,21.43,97.37,1021.76,5.04,1,1,1,0.1
05201608062310,052016080600,6.00,21.43,66.15,21.43,98.59,1022.15,5.03,1,1,1,0.1
05201608062311,052016080601,6.00,21.43,71.97,21.43,93.74,1022.55,5.03,1,1,1,0.1
05201608062311,052016080602,6.00,21.43,76.32,21.43,94.52,1022.64,5.03,1,1,1,0.1
05201608062311,052016080603,6.00,21.43,78.92,21.43,95.24,1022.83,5.00,1,1,1,0.1
05201608062312,052016080604,6.00,21.43,80.54,21.43,95.60,1023.28,5.03,1,1,1,0.1
05201608062312,052016080605,45.00,21.43,80.17,21.43,96.05,1023.52,5.03,1,1,1,0.1
05201608062312,052016080606,4954.00,21.43,93.06,21.43,96.31,1024.03,5.03,1,1,1,0.1
05201608062313,052016080607,13457.00,21.43,80.12,21.43,96.09,1024.63,5.03,1,1,1,1
05201608062313,052016080608,20270.00,21.43,76.75,21.43,95.24,1025.09,5.03,1,1,1,0.1
05201608062314,052016080609,65535.00,21.43,73.67,21.43,93.70,1025.67,5.03,1,1,1,0.1
05201608062314,052016080610,65535.00,22.69,59.21,22.09,93.48,1025.74,5.03,1,1,1,0.1
05201608062314,052016080611,65535.00,25.91,59.69,22.03,93.22,1026.07,5.03,1,1,1,0.1
05201608062315,052016080612,65535.00,31.67,52.46,26.23,94.28,1026.34,5.04,1,1,1,0.1
05201608062315,052016080613,65535.00,31.67,41.79,31.67,95.67,1026.27,5.03,1,1,1,0.1
05201608062315,052016080614,65535.00,31.67,45.61,31.67,95.67,1026.20,5.04,1,1,1,0.1
05201608062316,052016080615,65535.00,31.67,37.08,31.67,95.67,1026.45,5.04,1,1,1,0.1
05201608062316,052016080616,65535.00,33.59,31.43,31.67,95.67,1026.05,5.04,1,1,1,1
05201608062317,052016080617,65535.00,31.67,43.43,31.67,95.67,1025.79,5.04,1,1,1,0.1
05201608062317,052016080618,29258.00,26.55,42.88,31.67,95.67,1025.55,5.04,1,1,1,0.1
05201608062317,052016080619,26357.00,26.55,51.47,24.47,93.84,1025.51,5.04,1,1,1,0.1
05201608062318,052016080620,6322.00,23.95,59.40,24.95,93.96,1025.63,5.04,1,1,1,1
05201608062318,052016080621,145.00,21.71,59.06,22.99,93.46,1026.28,5.04,1,1,1,0.2
05201608062318,052016080622,5.00,22.39,61.56,21.63,93.12,1026.17,5.04,1,1,1,0.1
05201608062319,052016080623,6.00,21.43,63.65,22.63,93.37,1025.80,5.03,1,1,1,0.1
05201608072310,052016080700,5.00,21.43,69.40,21.93,93.19,1025.92,5.04,1,1,1,0.1
05201608072311,052016080701,6.00,21.43,80.43,21.43,93.06,1025.21,5.03,1,1,1,0.1
05201608072311,052016080702,6.00,21.43,77.28,21.43,93.97,1024.59,5.03,1,1,1,0.1
05201608072311,052016080703,6.00,21.43,89.36,21.43,93.42,1024.31,5.03,1,1,1,0.1
05201608072312,052016080704,6.00,21.43,80.49,21.43,93.06,1023.81,5.03,1,1,1,0.1
05201608072312,052016080705,25.00,21.43,76.32,21.43,93.33,1023.75,5.03,1,1,1,0.1
05201608072312,052016080706,3747.00,21.43,80.23,21.43,93.06,1023.50,5.03,1,1,1,0.1
05201608072313,052016080707,20970.00,21.43,80.12,21.43,93.06,1023.66,5.03,1,1,1,0.1
05201608072313,052016080708,65535.00,21.43,93.06,21.75,93.15,1023.40,5.00,1,1,1,0.1
05201608072314,052016080709,62648.00,22.77,79.17,22.99,93.55,1023.37,5.04,1,1,1,0.1
05201608072314,052016080710,65535.00,23.67,68.32,22.55,93.36,1023.32,5.04,1,1,1,0.1
05201608072314,052016080711,65535.00,24.95,66.99,25.91,94.20,1023.00,5.04,1,1,1,1
05201608072315,052016080712,65535.00,31.67,60.58,26.49,94.36,1022.47,5.04,1,1,1,0.1
05201608072315,052016080713,65535.00,31.67,60.58,31.67,95.67,1021.72,5.05,1,1,1,0.1
05201608072315,052016080714,65535.00,31.67,52.46,31.67,95.67,1021.38,5.05,1,1,1,0.1
05201608072316,052016080715,65535.00,33.63,40.14,31.67,95.67,1021.15,5.05,1,1,1,0.1
05201608072316,052016080716,65535.00,31.67,38.48,31.67,95.67,1020.73,5.06,1,1,1,0.1
05201608072316,052016080717,65535.00,31.67,42.27,31.67,95.67,1020.05,5.05,1,1,1,0.1
05201608072317,052016080718,36586.00,24.67,51.53,31.67,95.67,1019.78,5.05,1,1,1,0.1
05201608072317,052016080719,25212.00,23.47,51.39,26.03,94.28,1019.38,5.05,1,1,1,0.1
05201608072318,052016080720,7829.00,23.97,59.40,23.73,93.67,1019.19,5.05,1,1,1,0.1
05201608072318,052016080721,95.00,21.57,59.04,21.81,93.18,1019.67,5.05,1,1,1,0.1
05201608072318,052016080722,6.00,21.43,59.01,22.39,93.31,1019.74,5.05,1,1,1,0.1
05201608072319,052016080723,5.00,21.43,64.70,21.43,93.06,1019.63,5.04,1,1,1,0.1
05201608082310,052016080800,5.00,21.43,65.63,21.43,93.06,1019.31,5.03,1,1,1,0.1
05201608082311,052016080801,5.00,21.43,71.97,21.43,93.06,1019.26,5.04,1,1,1,0.1
05201608082311,052016080802,5.00,21.43,72.85,21.43,93.06,1018.70,5.04,1,1,1,0.1
05201608082311,052016080803,5.00,21.43,68.04,21.43,93.06,1018.38,5.04,1,1,1,0.1
05201608082312,052016080804,5.00,21.43,70.86,21.43,93.06,1018.36,5.03,1,1,1,1
05201608082312,052016080805,22.00,21.43,77.60,21.43,93.88,1018.37,5.03,1,1,1,0.1
05201608082312,052016080806,3784.00,21.43,79.86,21.43,95.60,1018.88,5.03,1,1,1,0.1
05201608082313,052016080807,10762.00,21.43,70.69,21.43,96.31,1019.88,5.03,1,1,1,0.1
05201608082313,052016080808,17107.00,21.43,66.44,21.43,96.40,1020.32,5.03,1,1,1,0.1
05201608082314,052016080809,65535.00,21.43,62.65,21.43,95.24,1020.62,5.03,1,1,1,0.1
05201608082314,052016080810,65535.00,23.67,51.39,23.35,93.55,1020.73,5.03,1,1,1,0.1
05201608082314,052016080811,65535.00,23.99,59.03,23.35,93.55,1020.76,5.04,1,1,1,0.1
05201608082315,052016080812,65535.00,24.75,41.05,22.85,93.43,1020.92,5.03,1,1,1,0.1
05201608082315,052016080813,65535.00,31.67,35.18,24.47,93.84,1020.84,5.03,1,1,1,0.1
05201608082315,052016080814,65535.00,26.39,34.14,25.93,94.22,1020.79,5.04,1,1,1,0.1
05201608082316,052016080815,65535.00,24.29,51.47,26.29,94.32,1020.54,5.04,1,1,1,0.1
05201608082316,052016080816,65535.00,24.73,51.54,24.95,93.96,1020.25,5.05,1,1,1,1
05201608082316,052016080817,65535.00,22.65,38.99,23.87,93.69,1020.26,5.05,1,1,1,0.1
05201608082317,052016080818,35325.00,21.57,59.94,23.87,93.69,1020.51,5.05,1,1,1,0.1
05201608082317,052016080819,23415.00,21.43,51.10,22.77,93.41,1020.61,5.05,1,1,1,0.1
05201608082318,052016080820,3240.00,21.43,51.10,21.69,93.13,1020.69,5.05,1,1,1,0.1
05201608082318,052016080821,52.00,21.43,59.01,21.43,93.06,1021.39,5.04,1,1,1,0.1
05201608082318,052016080822,6.00,21.43,59.01,21.43,93.06,1021.84,5.05,1,1,1,0.1
05201608082319,052016080823,7.00,21.43,59.01,21.43,93.52,1022.23,5.04,1,1,1,0.1
05201608092310,052016080900,6.00,21.43,59.01,21.43,93.88,1022.48,5.03,1,1,1,0.1
05201608092311,052016080901,5.00,21.43,59.01,21.43,95.24,1022.66,5.03,1,1,1,0.1
05201608092311,052016080902,5.00,21.43,59.01,21.43,96.18,1022.72,5.03,1,1,1,0.1
05201608092311,052016080903,5.00,21.43,64.99,21.43,97.37,1022.77,5.03,1,1,1,0.1
05201608092312,052016080904,5.00,21.43,73.29,21.43,98.07,1022.77,5.03,1,1,1,1
05201608092312,052016080905,19.00,21.43,73.29,21.43,98.42,1023.12,5.03,1,1,1,0.1
05201608092313,052016080906,4096.00,21.43,71.97,21.43,98.76,1023.36,5.02,1,1,1,0.1
05201608092313,052016080907,10955.00,21.43,73.73,21.43,98.72,1023.91,5.02,1,1,1,0.1
05201608092313,052016080908,16837.00,21.43,67.58,21.43,98.07,1024.40,5.03,1,1,1,0.1
05201608092314,052016080909,65535.00,21.43,65.63,21.43,96.40,1024.62,5.03,1,1,1,0.1
05201608092314,052016080910,31992.00,21.81,51.16,21.43,93.06,1024.81,5.02,1,1,1,0.1
05201608092314,052016080911,65535.00,23.67,42.80,22.59,93.36,1025.07,5.03,1,1,1,0.1
05201608092315,052016080912,65535.00,26.41,38.16,24.11,93.75,1024.49,5.03,1,1,1,1
05201608092315,052016080913,65535.00,31.67,33.41,31.67,95.67,1024.46,5.03,1,1,1,0.1
05201608092315,052016080914,65535.00,24.95,34.64,26.03,94.28,1024.20,5.03,1,1,1,0.1
05201608092316,052016080915,65535.00,22.95,39.04,24.33,93.83,1023.87,5.02,1,1,1,0.1
05201608092316,052016080916,65535.00,22.39,49.14,23.35,93.56,1023.36,5.03,1,1,1,1
05201608092317,052016080917,65535.00,22.55,38.84,22.89,93.44,1022.91,5.02,1,1,1,0.1
05201608092317,052016080918,65535.00,23.67,42.54,22.39,93.30,1022.79,5.02,1,1,1,1
05201608092317,052016080919,39296.00,21.67,40.84,23.35,93.55,1022.55,5.03,1,1,1,0.1
05201608092318,052016080920,8073.00,21.43,51.10,21.43,93.06,1022.81,5.02,1,1,1,1
05201608092318,052016080921,64.00,21.43,59.01,21.43,93.06,1023.06,5.02,1,1,1,0.1
05201608092318,052016080922,6.00,21.43,59.01,21.43,93.06,1023.44,5.02,1,1,1,0.1
05201608092319,052016080923,5.00,21.43,62.00,21.43,93.06,1023.61,5.02,1,1,1,0.1
05201608102310,052016081000,5.00,21.43,60.45,21.43,93.61,1023.55,5.04,1,1,1,0.1
05201608102311,052016081001,5.00,21.43,66.78,21.43,95.24,1023.36,5.04,1,1,1,0.1
05201608102311,052016081002,5.00,21.43,71.97,21.43,95.78,1023.16,5.04,1,1,1,0.1
05201608102311,052016081003,5.00,21.43,70.18,21.43,96.40,1023.10,5.04,1,1,1,0.1
05201608102312,052016081004,4.00,21.43,75.68,21.43,97.37,1022.94,5.04,1,1,1,0.1
05201608102312,052016081005,13.00,21.43,78.87,21.43,97.37,1022.90,5.04,1,1,1,0.1
05201608102312,052016081006,7153.00,21.43,78.97,21.43,97.37,1022.93,5.04,1,1,1,0.1
05201608102313,052016081007,25796.00,21.43,78.87,21.43,95.96,1023.16,5.04,1,1,1,0.1
05201608102313,052016081008,58210.00,21.43,66.90,21.43,94.43,1023.57,5.04,1,1,1,0.1
05201608102314,052016081009,65535.00,21.43,68.83,21.43,93.06,1023.89,5.04,1,1,1,0.1
05201608102314,052016081010,65535.00,21.43,59.01,21.43,93.06,1023.76,5.05,1,1,1,0.1
05201608102314,052016081011,65535.00,21.63,59.04,21.43,93.06,1023.93,5.05,1,1,1,0.1
05201608102315,052016081012,65535.00,21.43,59.01,21.43,93.06,1023.83,5.05,1,1,1,0.1
05201608102315,052016081013,65535.00,21.43,68.42,21.43,93.06,1023.94,5.05,1,1,1,0.1
05201608102315,052016081014,65535.00,31.67,41.79,24.95,93.96,1023.85,5.05,1,1,1,0.1
05201608102316,052016081015,65535.00,31.67,34.83,26.47,93.74,1023.51,5.05,1,1,1,0.1
05201608102316,052016081016,65535.00,22.71,40.83,24.23,93.79,1023.44,5.05,1,1,1,0.1
05201608102316,052016081017,65535.00,23.35,42.90,22.03,93.22,1023.15,5.05,1,1,1,0.1
05201608102317,052016081018,65064.00,23.01,40.90,22.01,93.21,1022.99,5.05,1,1,1,0.1
05201608102317,052016081019,32660.00,21.43,51.10,22.55,93.35,1022.86,5.05,1,1,1,0.1
05201608102318,052016081020,11316.00,21.43,51.10,21.43,93.06,1022.83,5.05,1,1,1,0.1
05201608102318,052016081021,25.00,21.43,59.01,21.43,93.06,1022.83,5.04,1,1,1,0.1
05201608102318,052016081022,5.00,21.43,59.01,21.43,93.06,1022.82,5.05,1,1,1,0.1
05201608102319,052016081023,6.00,21.43,59.01,21.43,93.06,1022.65,5.05,1,1,1,0.1
05201608112310,052016081100,5.00,21.43,61.28,21.43,93.06,1022.38,5.00,1,1,1,0.1
05201608112311,052016081101,6.00,21.43,66.21,21.43,93.06,1022.00,5.03,1,1,1,0.1
05201608112311,052016081102,6.00,21.43,71.97,21.43,93.06,1021.78,5.01,1,1,1,0.1
05201608112311,052016081103,5.00,21.43,85.21,21.43,93.06,1021.35,5.00,1,1,1,0.1
05201608112312,052016081104,6.00,21.43,75.36,21.43,93.06,1020.93,5.00,1,1,1,0.1
05201608112312,052016081105,9.00,21.43,74.82,21.43,93.06,1020.80,5.00,1,1,1,0.1
05201608112312,052016081106,1371.00,21.43,74.38,21.43,93.06,1020.81,5.00,1,1,1,0.1
05201608112313,052016081107,18471.00,21.43,71.97,21.43,93.06,1020.73,5.00,1,1,1,0.1
05201608112313,052016081108,40987.00,21.43,71.97,21.43,93.06,1020.58,5.00,1,1,1,0.1
05201608112314,052016081109,65535.00,21.43,72.91,21.43,93.06,1020.69,5.03,1,1,1,0.1
05201608112314,052016081110,65535.00,21.43,72.85,21.43,93.06,1020.67,5.05,1,1,1,0.1
05201608112314,052016081111,65535.00,21.43,62.71,21.43,93.06,1020.35,5.05,1,1,1,0.1
05201608112315,052016081112,65535.00,22.11,59.12,22.95,93.46,1020.04,5.05,1,1,1,0.1
05201608112315,052016081113,65535.00,23.85,59.39,22.39,93.30,1019.70,5.05,1,1,1,0.1
05201608112315,052016081114,65535.00,31.67,52.46,24.95,93.96,1020.00,5.05,1,1,1,0.1
05201608112316,052016081115,65535.00,24.97,51.57,24.95,93.96,1019.77,5.05,1,1,1,0.1
05201608112316,052016081116,63398.00,24.15,51.46,24.27,93.80,1019.70,5.05,1,1,1,0.1
05201608112316,052016081117,65535.00,25.91,59.69,25.91,94.20,1019.73,5.05,1,1,1,0.1
05201608112317,052016081118,51389.00,24.01,59.42,24.65,93.89,1020.05,5.05,1,1,1,0.1
05201608112317,052016081119,42748.00,22.57,59.19,23.49,93.63,1020.11,5.05,1,1,1,0.1
05201608112318,052016081120,10069.00,23.35,61.59,22.17,93.26,1020.47,5.05,1,1,1,0.1
05201608112318,052016081121,47.00,21.43,70.69,22.89,93.44,1020.85,5.05,1,1,1,0.1
05201608112318,052016081122,6.00,21.43,69.28,21.91,93.18,1021.36,5.05,1,1,1,0.1
05201608112319,052016081123,6.00,21.43,71.97,21.43,93.06,1021.50,5.05,1,1,1,0.1
05201608162310,,,,,,,,,1,1,1,
05201608162310,,,,,,,,,1,1,1,
05201608162310,,,,,,,,,1,1,1,
05201608162310,,,,,,,,,1,1,1,
05201608162310,,,,,,,,,1,1,1,
05201608162310,,,,,,,,,1,1,1,
05201608162310,,,,,,,,,1,1,1,
05201608162310,,,,,,,,,1,1,1,
05201608162310,,,,,,,,,1,1,1,
05201608162310,,,,,,,,,1,1,1,
05201608162310,,,,,,,,,1,1,1,
05201608162310,,,,,,,,,1,1,1,
05201608162310,,,,,,,,,1,1,1,
05201608162310,052016081613,65535.00,31.67,52.46,24.57,77.41,1017.86,5.05,1,1,1,0.1
05201608162311,052016081614,65535.00,31.67,41.79,31.67,62.06,1017.55,5.06,1,1,1,0.1
05201608162311,052016081615,65535.00,31.67,41.86,26.47,67.30,1017.38,5.05,1,1,1,0.1
05201608162311,052016081616,65535.00,31.67,42.13,26.39,64.17,1017.09,5.06,1,1,1,0.1
05201608162312,052016081617,65535.00,25.11,51.58,26.55,65.56,1016.82,5.05,1,1,1,0.1
05201608162312,052016081618,65535.00,23.67,59.35,23.99,81.09,1016.33,5.05,1,1,1,0.1
05201608162313,052016081619,45608.00,21.43,59.37,23.99,74.22,1016.09,5.04,1,1,1,1
05201608162313,052016081620,11564.00,21.43,59.49,21.43,80.54,1016.06,5.04,1,1,1,0.1
05201608162313,052016081621,13.00,21.43,61.88,21.43,93.06,1016.18,5.04,1,1,1,0.2
05201608162314,052016081622,7.00,21.43,70.13,21.43,93.06,1016.22,5.04,1,1,1,1
05201608162314,052016081623,7.00,21.43,75.84,21.43,93.06,1015.96,5.04,1,1,1,0.1
05201608172310,052016081700,7.00,21.43,78.03,21.43,93.06,1015.94,5.03,1,1,1,0.1
05201608172311,052016081701,8.00,21.43,93.06,21.43,93.06,1015.54,5.03,1,1,1,0.1
05201608172311,052016081702,8.00,21.43,93.06,21.43,93.06,1015.10,5.03,1,1,1,0.1
05201608172311,052016081703,7.00,21.43,93.06,21.43,93.06,1014.66,5.00,1,1,1,0.1
05201608172312,052016081704,8.00,21.43,93.06,21.43,93.06,1014.08,5.02,1,1,1,0.1
05201608172312,052016081705,10.00,21.43,93.06,21.43,93.42,1013.77,5.03,1,1,1,0.1
05201608172312,052016081706,5958.00,21.43,108.76,21.43,93.70,1013.28,5.02,1,1,1,0.1
05201608172313,052016081707,28522.00,21.43,93.06,21.43,94.88,1013.21,5.02,1,1,1,0.1
05201608172313,052016081708,47910.00,21.43,93.06,21.43,93.70,1013.11,5.02,1,1,1,0.1
05201608172313,052016081709,65535.00,21.43,78.87,21.43,93.06,1012.93,5.02,1,1,1,0.1
05201608172314,052016081710,65535.00,22.17,63.36,22.63,80.60,1013.15,5.02,1,1,1,0.1
05201608172314,052016081711,65535.00,24.79,59.55,22.39,77.27,1012.87,5.02,1,1,1,0.1
05201608172315,052016081712,65535.00,31.67,52.46,24.73,70.55,1012.56,5.03,1,1,1,1
05201608172315,052016081713,65535.00,32.05,33.09,31.67,60.58,1011.97,5.05,1,1,1,0.1
05201608172315,052016081714,65535.00,31.67,32.84,31.67,52.46,1011.70,5.05,1,1,1,0.1
05201608172316,052016081715,65535.00,32.91,28.03,31.67,60.58,1011.41,5.06,1,1,1,0.1
05201608172316,052016081716,65535.00,31.67,35.40,31.67,52.46,1010.84,5.06,1,1,1,0.1
05201608172316,052016081717,65535.00,31.67,35.96,31.67,60.58,1010.64,5.05,1,1,1,0.1
05201608172317,052016081718,45452.00,24.63,51.53,24.59,60.34,1010.46,5.05,1,1,1,0.1
05201608172317,052016081719,23063.00,23.01,59.30,23.99,74.22,1010.29,5.05,1,1,1,0.1
05201608172317,052016081720,3124.00,22.97,62.12,23.99,74.22,1010.54,5.05,1,1,1,0.1
05201608172318,052016081721,10.00,21.43,69.28,23.99,81.09,1010.83,5.04,1,1,1,0.1
05201608172318,052016081722,7.00,21.43,70.07,21.43,93.06,1010.67,5.04,1,1,1,0.1
05201608172319,052016081723,7.00,21.43,73.78,21.43,93.06,1010.72,5.04,1,1,1,0.1
05201608182310,052016081800,8.00,21.43,75.57,21.43,93.06,1010.39,5.01,1,1,1,0.1
05201608182311,052016081801,7.00,21.43,80.43,21.43,93.06,1009.81,5.03,1,1,1,1
05201608182311,052016081802,7.00,21.43,78.87,21.43,93.06,1009.24,5.00,1,1,1,0.1
05201608182311,052016081803,7.00,21.43,93.06,21.43,93.06,1009.11,5.03,1,1,1,0.1
05201608182312,052016081804,8.00,21.43,93.06,21.43,93.06,1009.55,5.04,1,1,1,0.1
05201608182312,052016081805,12.00,21.43,93.06,21.43,93.06,1009.39,5.04,1,1,1,0.1
05201608182312,052016081806,3561.00,21.43,93.06,21.43,93.06,1009.04,5.04,1,1,1,0.1
05201608182313,052016081807,27532.00,21.43,93.06,21.43,93.06,1008.67,5.04,1,1,1,0.1
05201608182313,052016081808,65535.00,21.43,79.86,21.43,93.06,1008.88,5.04,1,1,1,0.1
05201608182314,052016081809,65535.00,21.43,79.71,21.43,93.06,1008.88,5.04,1,1,1,0.1
05201608182314,052016081810,65535.00,22.67,69.52,23.75,93.67,1008.91,5.04,1,1,1,0.1
05201608182314,052016081811,65535.00,25.91,60.56,23.91,80.86,1009.20,5.05,1,1,1,0.1
05201608182315,052016081812,65535.00,25.91,59.69,25.93,77.23,1008.95,5.05,1,1,1,0.1
05201608182315,052016081813,65535.00,31.67,52.46,25.53,67.25,1009.00,5.05,1,1,1,0.1
05201608182315,052016081814,65535.00,31.67,31.56,31.67,60.58,1009.06,5.05,1,1,1,0.1
05201608182316,052016081815,65535.00,31.67,43.70,31.67,60.58,1008.99,5.05,1,1,1,0.1
05201608182316,052016081816,65535.00,31.67,52.46,25.91,59.69,1008.60,5.05,1,1,1,0.1
05201608182316,052016081817,65535.00,31.67,50.75,26.41,59.78,1008.68,5.05,1,1,1,0.1
05201608182317,052016081818,65535.00,25.91,51.69,25.35,59.62,1009.03,5.05,1,1,1,0.1
05201608182317,052016081819,65535.00,24.51,51.52,24.33,66.13,1009.03,5.05,1,1,1,0.1
05201608182318,052016081820,8449.00,22.83,59.22,23.67,69.12,1009.07,5.05,1,1,1,0.1
05201608182318,052016081821,9.00,21.43,71.97,21.43,76.76,1009.47,5.04,1,1,1,0.1
05201608182318,052016081822,7.00,21.43,77.87,21.43,80.12,1009.50,5.05,1,1,1,0.1
05201608182319,052016081823,7.00,21.43,77.92,21.43,93.06,1009.25,5.05,1,1,1,0.1
05201608192310,052016081900,9.00,21.43,76.75,21.43,93.06,1009.59,5.03,1,1,1,0.1
05201608192311,052016081901,8.00,21.43,79.71,21.43,93.06,1008.99,5.03,1,1,1,0.1
05201608192311,052016081902,9.00,21.43,93.06,21.43,93.06,1008.74,5.03,1,1,1,0.1
05201608192311,052016081903,9.00,21.43,79.71,21.43,93.06,1008.16,5.01,1,1,1,0.1
05201608192312,052016081904,9.00,21.43,93.06,21.43,93.06,1007.42,5.04,1,1,1,0.1
05201608192312,052016081905,11.00,21.43,93.06,21.43,93.06,1006.73,5.04,1,1,1,0.1
05201608192312,052016081906,5333.00,21.43,93.06,21.43,93.06,1006.67,5.04,1,1,1,0.1
05201608192313,052016081907,26732.00,21.43,93.06,21.43,93.06,1006.43,5.04,1,1,1,0.1
05201608192313,052016081908,50298.00,21.43,93.06,21.43,93.06,1006.27,5.04,1,1,1,0.1
05201608192313,052016081909,65535.00,21.43,108.76,21.43,93.06,1005.88,5.04,1,1,1,0.1
05201608192314,052016081910,65535.00,21.43,93.06,21.43,93.06,1005.69,5.04,1,1,1,0.1
05201608192314,052016081911,65535.00,21.43,93.06,21.43,93.06,1005.46,5.04,1,1,1,0.1
05201608192315,052016081912,65535.00,21.43,93.06,21.43,93.06,1005.00,5.04,1,1,1,0.1
05201608192315,052016081913,54371.00,21.43,93.06,21.43,94.79,1004.72,5.04,1,1,1,0.1
05201608192315,052016081914,51310.00,21.43,93.06,21.43,95.24,1004.54,5.04,1,1,1,0.1
05201608192316,052016081915,65535.00,21.43,77.44,21.43,93.06,1004.21,5.04,1,1,1,0.1
05201608192316,052016081916,65535.00,21.43,69.96,21.43,93.06,1004.27,5.04,1,1,1,0.1
05201608192316,052016081917,65535.00,21.43,93.06,21.43,93.38,1003.85,5.04,1,1,1,0.1
05201608192317,052016081918,65535.00,21.43,93.06,21.43,93.06,1003.57,5.04,1,1,1,0.1
05201608192317,052016081919,65535.00,21.43,93.06,21.43,93.06,1003.55,5.04,1,1,1,0.1
05201608192317,052016081920,5561.00,21.43,93.06,21.43,93.06,1003.89,5.04,1,1,1,0.1
05201608192318,052016081921,9.00,21.43,93.06,21.43,93.06,1004.35,5.04,1,1,1,0.1
05201608192318,052016081922,7.00,21.43,93.06,21.43,93.06,1004.42,5.04,1,1,1,0.1
05201608192319,052016081923,7.00,21.43,93.06,21.43,93.06,1004.74,5.04,1,1,1,0.1
05201608202310,052016082000,7.00,21.43,93.06,21.43,93.06,1004.58,5.04,1,1,1,0.1
05201608202311,052016082001,7.00,21.43,93.06,21.43,93.06,1004.63,5.04,1,1,1,0.1
05201608202311,052016082002,7.00,21.43,80.12,21.43,93.06,1004.50,5.04,1,1,1,0.1
05201608202311,052016082003,8.00,21.43,79.71,21.43,93.06,1004.31,5.04,1,1,1,0.1
05201608202312,052016082004,8.00,21.43,76.75,21.43,93.06,1004.36,5.04,1,1,1,0.1
05201608202312,052016082005,9.00,21.43,75.68,21.43,93.06,1004.24,5.04,1,1,1,0.1
05201608202312,052016082006,3836.00,21.43,76.32,21.43,93.06,1004.09,5.04,1,1,1,0.1
05201608202313,052016082007,21697.00,21.43,91.87,21.43,93.06,1004.24,5.04,1,1,1,0.1
05201608202313,052016082008,65535.00,21.43,70.46,21.43,93.06,1004.38,5.04,1,1,1,0.1
05201608202313,052016082009,65535.00,21.43,68.66,21.43,78.97,1004.29,5.04,1,1,1,0.1
05201608202314,052016082010,44142.00,21.43,80.33,21.43,93.06,1004.89,5.04,1,1,1,0.1
05201608202314,052016082011,65535.00,21.43,93.06,21.43,93.06,1005.06,5.04,1,1,1,0.1
05201608202315,052016082012,65535.00,21.43,71.97,21.43,93.06,1005.00,5.04,1,1,1,0.1
05201608202315,052016082013,65535.00,22.39,61.44,21.43,78.92,1004.96,5.05,1,1,1,0.1
05201608202315,052016082014,65535.00,23.67,59.35,22.59,72.19,1005.21,5.05,1,1,1,0.1
05201608202316,052016082015,65535.00,22.21,59.13,23.67,68.32,1005.42,5.05,1,1,1,0.1
05201608202316,052016082016,65535.00,21.43,59.01,21.43,67.12,1005.50,5.04,1,1,1,0.1
05201608202316,052016082017,65535.00,21.43,63.53,21.43,70.91,1005.59,5.04,1,1,1,0.1
05201608202317,052016082018,65535.00,21.43,62.35,21.43,75.46,1005.75,5.04,1,1,1,0.1
05201608202317,052016082019,34096.00,21.43,93.06,21.43,93.06,1006.20,5.04,1,1,1,0.1
05201608202317,052016082020,837.00,21.43,93.06,21.43,93.06,1006.66,5.04,1,1,1,0.1
05201608202318,052016082021,10.00,21.43,93.06,21.43,93.06,1007.13,5.04,1,1,1,0.1
05201608202318,052016082022,7.00,21.43,79.08,21.43,93.06,1007.25,5.04,1,1,1,0.1
05201608202319,052016082023,8.00,21.43,74.71,21.43,93.06,1007.32,5.04,1,1,1,0.1
05201608212310,052016082100,9.00,21.43,75.73,21.43,93.06,1007.71,5.04,1,1,1,0.1
05201608212311,052016082101,8.00,21.43,76.32,21.43,93.06,1008.01,5.04,1,1,1,0.1
05201608212311,052016082102,9.00,21.43,74.54,21.43,93.06,1008.12,5.04,1,1,1,0.1
05201608212311,052016082103,8.00,21.43,93.06,21.43,93.06,1008.86,5.04,1,1,1,0.1
05201608212312,052016082104,8.00,21.43,80.38,21.43,93.06,1009.09,5.04,1,1,1,0.1
05201608212312,052016082105,8.00,21.43,76.32,21.43,93.06,1009.85,5.04,1,1,1,0.1
05201608212312,052016082106,2561.00,21.43,78.97,21.43,93.06,1010.32,5.04,1,1,1,0.1
05201608212313,052016082107,14166.00,21.43,79.71,21.43,93.06,1011.29,5.04,1,1,1,0.1
05201608212313,052016082108,65535.00,21.43,77.81,21.43,93.06,1011.88,5.04,1,1,1,0.1
05201608212313,052016082109,65535.00,21.43,73.78,21.43,93.06,1012.72,5.04,1,1,1,0.1
05201608212314,052016082110,65535.00,21.43,71.97,21.43,93.06,1013.45,5.04,1,1,1,0.1
05201608212314,052016082111,65535.00,21.43,63.12,21.43,93.06,1014.34,5.04,1,1,1,0.1
05201608212315,052016082112,65535.00,21.43,64.82,21.43,79.81,1015.04,5.04,1,1,1,0.1
05201608212315,052016082113,65535.00,22.97,59.24,23.75,73.73,1015.66,5.05,1,1,1,0.1
05201608212315,052016082114,65535.00,25.91,51.69,24.69,74.14,1016.21,5.05,1,1,1,0.1
05201608212316,052016082115,65535.00,24.05,51.45,22.91,68.23,1016.90,5.05,1,1,1,0.1
05201608212316,052016082116,65535.00,26.23,51.73,26.39,61.23,1017.42,5.05,1,1,1,0.1
05201608212316,052016082117,65535.00,23.97,51.44,23.35,62.66,1017.54,5.05,1,1,1,0.1
05201608212317,052016082118,59459.00,22.85,59.24,22.87,72.64,1018.01,5.04,1,1,1,0.1
05201608212317,052016082119,24558.00,21.43,69.74,21.43,76.75,1019.03,5.04,1,1,1,0.1
05201608212317,052016082120,1671.00,21.43,93.06,21.43,93.06,1018.82,5.04,1,1,1,0.1
05201608212318,052016082121,9.00,21.43,93.06,21.43,93.06,1018.95,5.04,1,1,1,0.1
05201608212318,052016082122,8.00,21.43,93.06,21.43,93.06,1018.89,5.04,1,1,1,0.1
05201608212319,052016082123,9.00,21.43,108.76,21.43,93.06,1019.02,5.04,1,1,1,0.1
05201608222310,052016082200,8.00,21.43,80.33,21.43,93.06,1018.90,5.04,1,1,1,0.1
05201608222311,052016082201,9.00,21.43,80.54,21.43,93.06,1019.19,5.04,1,1,1,0.1
05201608222311,052016082202,9.00,21.43,80.12,21.43,93.06,1019.16,5.04,1,1,1,0.1
05201608222311,052016082203,9.00,21.43,93.06,21.43,93.06,1019.40,5.04,1,1,1,0.1
05201608222312,052016082204,7.00,21.43,93.06,21.43,93.06,1019.67,5.04,1,1,1,0.1
05201608222312,052016082205,7.00,21.43,93.06,21.43,93.06,1019.44,5.04,1,1,1,0.1
05201608222312,052016082206,984.00,21.43,93.06,21.43,93.06,1019.95,5.04,1,1,1,1
05201608222313,052016082207,28642.00,21.43,93.06,21.43,93.06,1020.58,5.04,1,1,1,0.1
05201608222313,052016082208,40664.00,21.43,93.06,21.43,93.06,1021.29,5.04,1,1,1,0.1
05201608222313,052016082209,65535.00,21.43,78.92,21.43,93.06,1021.44,5.04,1,1,1,0.1
05201608222314,052016082210,65535.00,21.43,85.27,21.43,93.06,1021.67,5.04,1,1,1,0.1
05201608222314,052016082211,65535.00,23.83,62.27,23.35,79.27,1021.54,5.04,1,1,1,0.1
05201608222315,052016082212,65535.00,24.37,62.37,23.37,70.71,1021.90,5.05,1,1,1,0.1
05201608222315,052016082213,65535.00,24.65,62.40,23.83,70.80,1021.89,5.05,1,1,1,0.1
05201608222315,052016082214,65535.00,31.67,60.58,26.41,71.17,1022.02,5.05,1,1,1,0.1
05201608222316,052016082215,65535.00,31.67,52.46,31.67,62.30,1021.95,5.05,1,1,1,0.1
05201608222316,052016082216,65535.00,31.67,52.46,31.67,60.58,1022.25,5.06,1,1,1,0.1
05201608222316,052016082217,65535.00,31.67,52.46,31.67,67.56,1022.42,5.05,1,1,1,0.1
05201608222317,052016082218,65535.00,24.29,59.45,26.47,61.23,1022.65,5.05,1,1,1,1
05201608222317,052016082219,30207.00,24.55,60.95,24.95,73.02,1022.89,5.05,1,1,1,1
05201608222317,052016082220,2749.00,22.43,64.87,22.95,68.58,1022.90,5.04,1,1,1,0.1
05201608222318,052016082221,6.00,22.81,60.68,23.67,74.60,1023.32,5.04,1,1,1,0.1
05201608222318,052016082222,6.00,21.43,63.30,22.19,79.34,1023.35,5.04,1,1,1,0.1
05201608222319,052016082223,6.00,21.43,66.67,21.43,78.87,1023.51,5.04,1,1,1,0.1
05201608232310,052016082300,6.00,21.43,67.92,21.43,79.71,1023.54,5.03,1,1,1,0.1
05201608232311,052016082301,6.00,21.43,73.02,21.43,93.06,1023.63,5.03,1,1,1,0.1
05201608232311,052016082302,6.00,21.43,75.57,21.43,93.06,1023.40,5.04,1,1,1,0.1
05201608232311,052016082303,6.00,21.43,80.12,21.43,93.06,1023.25,5.04,1,1,1,0.1
05201608232312,052016082304,5.00,21.43,93.06,21.43,93.06,1022.91,5.04,1,1,1,1
05201608232312,052016082305,7.00,21.43,93.06,21.43,93.06,1022.97,5.04,1,1,1,0.1
05201608232313,052016082306,2895.00,21.43,93.06,21.43,93.06,1023.06,5.04,1,1,1,0.1
05201608232313,052016082307,14274.00,21.43,78.87,21.43,93.06,1023.36,5.04,1,1,1,0.1
05201608232313,052016082308,22085.00,21.43,78.87,21.43,93.06,1023.25,5.04,1,1,1,0.1
05201608232314,052016082309,65535.00,21.43,63.76,21.43,77.87,1023.18,5.04,1,1,1,0.1
05201608232314,052016082310,65535.00,25.51,51.64,26.41,74.70,1022.89,5.04,1,1,1,0.1
05201608232314,052016082311,65535.00,31.67,42.95,31.67,68.27,1022.25,5.05,1,1,1,0.1
05201608232315,052016082312,65535.00,32.47,42.00,34.23,60.97,1022.62,5.00,1,1,1,0.1
05201608232315,052016082313,65535.00,33.59,33.37,34.23,44.26,1022.20,5.00,1,1,1,0.1
05201608232316,052016082314,65535.00,36.79,35.37,34.23,44.26,1021.81,5.01,1,1,1,0.1
05201608232316,052016082315,65535.00,36.79,31.04,36.79,35.58,1021.47,5.01,1,1,1,0.1
05201608232316,052016082316,65535.00,36.79,34.65,36.79,35.58,1020.52,5.01,1,1,1,0.1
05201608232317,052016082317,65535.00,33.91,31.74,34.23,44.26,1020.21,5.00,1,1,1,0.1
05201608232317,052016082318,52660.00,31.67,42.88,31.67,43.97,1019.96,5.00,1,1,1,0.1
05201608232318,052016082319,25398.00,31.67,52.46,31.67,52.46,1019.54,5.00,1,1,1,0.1
05201608232318,052016082320,4019.00,31.67,52.46,31.67,60.58,1019.41,5.00,1,1,1,0.1
05201608232318,052016082321,8.00,31.67,60.58,31.67,60.58,1019.33,5.00,1,1,1,0.1
05201608232319,052016082322,7.00,24.35,66.29,26.55,67.44,1019.09,5.00,1,1,1,0.1
05201608232319,052016082323,7.00,24.01,70.65,26.55,74.72,1018.76,5.00,1,1,1,0.1
05201608242310,052016082400,7.00,23.35,73.88,26.55,74.72,1018.45,4.99,1,1,1,0.1
05201608242311,052016082401,7.00,21.91,72.22,23.99,81.09,1018.17,4.99,1,1,1,0.1
05201608242311,052016082402,7.00,23.35,76.23,23.99,81.09,1017.89,4.99,1,1,1,0.1
05201608242311,052016082403,7.00,22.39,79.91,23.99,81.09,1017.89,4.99,1,1,1,0.1
05201608242312,052016082404,6.00,21.75,74.27,23.99,81.09,1017.61,4.98,1,1,1,0.1
05201608242312,052016082405,8.00,21.43,76.75,23.99,81.09,1017.41,4.99,1,1,1,0.1
05201608242312,052016082406,4567.00,21.43,77.81,23.99,93.71,1017.60,4.97,1,1,1,0.1
05201608242313,052016082407,65535.00,21.43,80.33,23.99,93.71,1018.03,4.99,1,1,1,0.1
05201608242313,052016082408,43260.00,23.35,79.27,23.99,81.09,1017.93,4.99,1,1,1,0.1
05201608242314,052016082409,65535.00,25.51,71.45,26.55,81.64,1017.73,4.99,1,1,1,0.1
05201608242314,052016082410,65535.00,31.67,52.46,31.67,68.33,1017.77,4.99,1,1,1,1
05201608242314,052016082411,65535.00,31.67,52.46,31.67,60.58,1017.64,4.99,1,1,1,0.1
05201608242315,052016082412,65535.00,36.79,43.51,34.23,52.80,1017.54,5.00,1,1,1,0.1
05201608242315,052016082413,65535.00,39.35,33.51,36.79,53.14,1017.15,5.00,1,1,1,0.1
05201608242316,052016082414,65535.00,41.91,33.51,39.35,44.83,1016.98,4.99,1,1,1,0.1
05201608242316,052016082415,65535.00,42.47,26.73,39.35,44.83,1016.75,5.00,1,1,1,0.1
05201608242316,052016082416,65535.00,41.27,30.30,39.35,44.83,1016.70,5.00,1,1,1,0.1
05201608242317,052016082417,65535.00,39.35,39.24,36.79,53.14,1016.39,4.99,1,1,1,0.1
05201608242317,052016082418,65535.00,33.11,38.83,34.23,52.80,1017.14,4.99,1,1,1,0.1
05201608242317,052016082419,46239.00,32.15,52.52,31.67,60.58,1016.06,4.99,1,1,1,0.1
05201608242318,052016082420,1592.00,31.67,60.58,31.67,60.58,1017.07,4.98,1,1,1,0.1
05201608242318,052016082421,12.00,31.67,60.58,31.67,68.33,1018.11,4.99,1,1,1,0.1
05201608242319,052016082422,12.00,26.07,66.16,26.55,74.72,1018.87,5.00,1,1,1,0.1
05201608242319,052016082423,9.00,25.91,67.56,26.55,74.72,1017.25,5.00,1,1,1,1
05201608252310,052016082500,10.00,25.19,65.32,26.55,74.72,1017.16,4.99,1,1,1,1
05201608252311,052016082501,9.00,24.07,69.18,26.55,74.72,1015.85,4.99,1,1,1,0.1
05201608252311,052016082502,9.00,23.71,68.90,26.55,74.72,1016.21,4.99,1,1,1,0.1
05201608252311,052016082503,7.00,22.85,73.28,26.55,74.72,1016.35,4.99,1,1,1,0.1
05201608252312,052016082504,7.00,21.91,70.82,23.99,81.09,1016.71,4.99,1,1,1,0.1
05201608252312,052016082505,10.00,23.67,71.44,23.99,74.22,1016.70,4.98,1,1,1,0.1
05201608252313,052016082506,3239.00,22.15,79.03,23.99,81.09,1016.04,4.99,1,1,1,0.1
05201608252313,052016082507,65535.00,22.39,79.28,23.99,81.09,1016.02,4.99,1,1,1,0.1
05201608252313,052016082508,65535.00,23.97,74.55,23.99,81.09,1015.50,4.99,1,1,1,0.1
05201608252314,052016082509,65535.00,25.11,69.36,26.55,74.72,1015.34,4.99,1,1,1,0.1
05201608252314,052016082510,65535.00,31.67,61.44,31.67,75.72,1015.28,4.99,1,1,1,0.1
05201608252314,052016082511,65535.00,31.67,52.46,31.67,60.58,1015.09,4.99,1,1,1,0.1
05201608252315,052016082512,65535.00,32.79,62.65,31.67,60.58,1014.92,4.99,1,1,1,0.1
05201608252315,052016082513,65535.00,31.67,66.43,31.67,68.33,1014.23,4.99,1,1,1,0.1
05201608252316,052016082514,65535.00,31.67,52.46,31.67,60.58,1014.49,4.99,1,1,1,0.1
05201608252316,052016082515,65535.00,39.35,36.18,36.79,53.14,1014.37,4.99,1,1,1,0.2
05201608252316,052016082516,65535.00,34.15,52.79,34.23,60.97,1013.78,5.01,1,1,1,0.1
05201608252317,052016082517,65535.00,32.45,52.58,31.67,60.58,1013.05,5.01,1,1,1,0.1
05201608252317,052016082518,65535.00,31.67,52.46,31.67,60.58,1012.86,5.01,1,1,1,0.1
05201608252318,052016082519,44022.00,26.47,94.35,26.55,94.36,1013.06,5.00,1,1,1,0.1
05201608252318,052016082520,2801.00,23.67,93.63,26.55,94.36,1013.15,5.00,1,1,1,0.1
05201608252318,052016082521,9.00,22.77,93.39,26.55,94.36,1013.65,5.00,1,1,1,0.1
05201608252319,052016082522,10.00,22.39,93.31,26.55,100.18,1013.11,5.00,1,1,1,0.1
05201608252319,052016082523,8.00,21.91,93.20,26.55,100.18,1012.94,5.00,1,1,1,0.1
05201608262310,052016082600,12.00,22.45,93.34,23.99,100.18,1013.80,4.99,1,1,1,0.1
05201608262311,052016082601,9.00,22.55,93.35,23.99,99.47,1014.03,4.99,1,1,1,0.1
05201608262311,052016082602,10.00,21.81,93.18,23.99,99.47,1014.46,4.99,1,1,1,1
05201608262312,052016082603,9.00,23.83,93.67,23.99,99.47,1014.73,4.99,1,1,1,1
05201608262312,052016082604,6.00,22.63,93.36,23.99,99.47,1013.74,4.99,1,1,1,0.1
05201608262312,052016082605,9.00,22.01,93.22,23.99,99.47,1014.94,4.99,1,1,1,0.1
05201608262313,052016082606,1661.00,21.43,93.06,23.99,99.47,1015.49,4.99,1,1,1,1
05201608262313,052016082607,20909.00,21.43,93.06,23.99,99.47,1016.25,4.99,1,1,1,0.1
05201608262313,052016082608,37730.00,21.43,93.06,23.99,99.47,1016.61,4.99,1,1,1,0.1
05201608262314,052016082609,65535.00,23.83,69.72,23.99,99.47,1017.07,4.99,1,1,1,0.1
05201608262314,052016082610,65535.00,25.91,59.70,26.55,94.36,1017.84,4.99,1,1,1,0.1
05201608262315,052016082611,65535.00,26.27,62.05,26.55,94.36,1017.90,4.96,1,1,1,0.1
05201608262315,052016082612,65535.00,31.67,60.58,26.55,94.36,1017.94,4.99,1,1,1,0.1
05201608262315,052016082613,65535.00,33.65,37.28,31.67,95.67,1017.96,4.99,1,1,1,0.1
05201608262316,052016082614,65535.00,36.79,29.80,31.67,95.67,1018.18,5.00,1,1,1,0.1
05201608262316,052016082615,65535.00,36.79,26.26,31.67,82.74,1018.11,5.01,1,1,1,0.1
05201608262317,052016082616,65535.00,36.79,26.26,31.67,75.72,1017.98,5.00,1,1,1,0.1
05201608262317,052016082617,65535.00,31.67,34.90,31.67,75.72,1017.70,5.00,1,1,1,0.1
05201608262317,052016082618,65535.00,31.67,35.04,31.67,82.74,1017.78,5.00,1,1,1,0.1
05201608262318,052016082619,23737.00,24.55,59.49,26.55,94.36,1017.92,5.00,1,1,1,1
05201608262318,052016082620,2730.00,23.35,51.36,26.55,94.36,1018.29,5.00,1,1,1,0.1
05201608262318,052016082621,7.00,23.35,59.31,23.99,93.71,1018.90,5.00,1,1,1,0.1
05201608262319,052016082622,7.00,21.43,66.09,23.99,93.71,1019.39,5.01,1,1,1,1
05201608262319,052016082623,6.00,21.43,59.43,23.99,93.71,1019.32,5.00,1,1,1,0.1
05201608272310,052016082700,7.00,21.43,66.38,21.43,93.06,1019.33,5.01,1,1,1,0.1
05201608272311,052016082701,7.00,21.43,67.70,21.43,93.06,1019.35,5.00,1,1,1,0.1
05201608272311,052016082702,7.00,21.43,67.92,21.43,93.06,1019.16,5.01,1,1,1,0.1
05201608272312,052016082703,7.00,21.43,76.43,21.43,93.06,1018.87,5.00,1,1,1,0.1
05201608272312,052016082704,7.00,21.43,77.07,21.43,93.06,1018.62,5.00,1,1,1,0.1
05201608272312,052016082705,7.00,21.43,93.06,21.43,93.06,1018.23,5.01,1,1,1,0.1
05201608272313,052016082706,1943.00,21.43,93.06,21.43,93.06,1017.89,5.00,1,1,1,0.1
05201608272313,052016082707,29253.00,21.43,93.06,21.43,93.06,1017.84,5.01,1,1,1,0.1
05201608272313,052016082708,65535.00,21.43,93.06,21.43,93.06,1017.79,5.00,1,1,1,0.1
05201608272314,052016082709,65535.00,23.43,67.29,23.99,93.71,1017.34,5.00,1,1,1,0.1
05201608272314,052016082710,65535.00,25.91,61.82,23.99,93.71,1017.18,5.00,1,1,1,0.1
05201608272315,052016082711,65535.00,31.67,64.62,26.55,94.36,1016.71,5.00,1,1,1,0.1
05201608272315,052016082712,65535.00,31.67,60.58,26.55,94.36,1015.98,5.00,1,1,1,0.1
05201608272315,052016082713,65535.00,31.67,52.46,31.67,82.74,1014.88,5.00,1,1,1,0.1
05201608272316,052016082714,65535.00,31.67,52.46,31.67,82.74,1014.04,5.00,1,1,1,0.1
05201608272316,052016082715,65535.00,31.67,60.58,31.67,82.74,1013.60,5.00,1,1,1,0.1
05201608272316,052016082716,65535.00,31.67,52.46,31.67,82.74,1012.90,5.00,1,1,1,0.1
05201608272317,052016082717,65535.00,31.67,62.79,26.55,81.64,1012.83,5.00,1,1,1,0.1
05201608272317,052016082718,65535.00,25.25,66.30,26.55,81.64,1012.17,5.00,1,1,1,0.1
05201608272318,052016082719,34747.00,25.51,66.30,26.55,94.36,1011.80,5.00,1,1,1,0.1
05201608272318,052016082720,2630.00,24.03,67.69,26.55,94.36,1011.91,5.00,1,1,1,0.1
05201608272318,052016082721,7.00,22.79,73.12,23.99,93.71,1012.04,5.00,1,1,1,0.1
05201608272319,052016082722,7.00,23.35,76.93,23.99,93.71,1012.00,5.00,1,1,1,0.1
05201608272319,052016082723,7.00,22.95,79.20,23.99,93.71,1011.80,5.00,1,1,1,0.1
05201608282310,052016082800,7.00,22.03,77.51,23.99,93.71,1011.27,4.99,1,1,1,0.1
05201608282311,052016082801,8.00,22.39,77.75,23.99,93.71,1011.38,4.99,1,1,1,0.1
05201608282311,052016082802,9.00,22.39,72.12,23.99,93.71,1010.87,4.99,1,1,1,0.1
05201608282311,052016082803,7.00,23.73,73.72,23.99,93.71,1010.76,4.99,1,1,1,0.1
05201608282312,052016082804,9.00,21.43,79.71,23.99,93.71,1010.79,4.99,1,1,1,0.1
05201608282312,052016082805,7.00,21.43,80.49,21.43,93.06,1010.95,4.99,1,1,1,0.1
05201608282313,052016082806,1214.00,21.43,80.49,21.43,93.06,1011.42,4.99,1,1,1,0.1
05201608282313,052016082807,37946.00,21.43,78.97,21.43,93.06,1011.66,4.99,1,1,1,0.1
05201608282313,052016082808,65535.00,21.43,74.38,21.43,93.06,1011.65,4.99,1,1,1,0.1
05201608282314,052016082809,65535.00,21.43,73.02,21.43,93.06,1012.00,4.99,1,1,1,0.1
05201608282314,052016082810,65535.00,22.73,68.89,23.99,93.71,1012.07,4.99,1,1,1,0.1
05201608282315,052016082811,65535.00,23.51,68.75,23.99,93.71,1012.32,4.99,1,1,1,0.1
05201608282315,052016082812,65535.00,23.67,62.24,23.99,81.09,1012.37,4.99,1,1,1,0.1
05201608282315,052016082813,65535.00,24.95,59.55,26.55,74.72,1012.47,4.99,1,1,1,0.1
05201608282316,052016082814,65535.00,21.43,93.06,23.99,93.71,1012.97,4.99,1,1,1,0.1
05201608282316,052016082815,65535.00,26.29,59.77,26.55,81.64,1013.04,4.99,1,1,1,0.1
05201608282316,052016082816,65535.00,23.69,63.19,23.99,81.09,1013.13,4.99,1,1,1,0.1
05201608282317,052016082817,65535.00,22.79,65.20,23.99,81.09,1013.22,4.99,1,1,1,0.1
05201608282317,052016082818,65535.00,22.39,65.09,23.99,81.09,1013.39,4.98,1,1,1,0.1
05201608282318,052016082819,57231.00,23.01,69.04,23.99,81.09,1013.69,4.98,1,1,1,0.1
05201608282318,052016082820,1419.00,21.53,69.74,23.99,93.71,1014.28,4.98,1,1,1,0.1
05201608282318,052016082821,7.00,21.43,72.02,23.99,93.71,1014.78,4.98,1,1,1,0.1
05201608282319,052016082822,6.00,21.43,77.92,23.99,93.71,1015.09,4.98,1,1,1,0.1
05201608282319,052016082823,7.00,21.43,75.30,21.43,93.06,1015.46,4.98,1,1,1,0.1
05201608292311,052016082900,6.00,21.43,77.60,21.43,93.06,1015.99,4.97,1,1,1,0.1
05201608292311,052016082901,10.00,21.43,77.81,21.43,93.06,1016.45,4.99,1,1,1,1
05201608292311,052016082902,9.00,21.43,76.75,21.43,93.06,1016.81,4.97,1,1,1,0.1
05201608292312,052016082903,6.00,21.43,78.87,21.43,93.06,1017.31,4.96,1,1,1,0.1
05201608292312,052016082904,6.00,21.43,93.06,21.43,93.06,1018.10,4.99,1,1,1,0.1
05201608292312,052016082905,10.00,21.43,77.23,21.43,93.06,1018.37,4.99,1,1,1,0.1
05201608292313,052016082906,2480.00,21.43,78.87,21.43,93.06,1019.27,4.96,1,1,1,0.1
05201608292313,052016082907,14113.00,21.43,78.87,21.43,93.06,1019.97,4.99,1,1,1,0.1
05201608292314,052016082908,65535.00,21.43,78.97,21.43,93.06,1020.50,4.99,1,1,1,0.1
05201608292314,052016082909,65535.00,21.43,73.29,21.43,93.06,1021.01,4.95,1,1,1,0.1
05201608292314,052016082910,65535.00,22.87,64.93,23.99,93.71,1021.57,4.97,1,1,1,0.1
05201608292315,052016082911,65535.00,26.39,59.77,23.99,93.71,1021.88,4.99,1,1,1,0.1
05201608292315,052016082912,65535.00,26.23,59.74,23.99,93.71,1022.01,4.99,1,1,1,0.1
05201608292316,052016082913,65535.00,22.45,59.18,23.99,93.71,1022.14,4.97,1,1,1,0.1
05201608292316,052016082914,65535.00,31.67,42.88,26.55,81.64,1022.23,4.96,1,1,1,0.1
05201608292316,052016082915,65535.00,33.59,38.88,31.67,75.72,1022.27,4.97,1,1,1,0.1
05201608292317,052016082916,65535.00,34.19,31.91,31.67,68.33,1022.22,4.97,1,1,1,0.1
05201608292317,052016082917,65535.00,31.67,39.59,31.67,75.72,1022.16,4.97,1,1,1,0.1
05201608292317,052016082918,59855.00,31.67,36.24,31.67,68.33,1022.47,4.96,1,1,1,0.1
05201608292318,052016082919,27614.00,23.67,40.93,26.55,74.72,1022.77,4.96,1,1,1,0.1
05201608292318,052016082920,1335.00,22.87,59.36,23.99,81.09,1023.11,4.96,1,1,1,0.1
05201608292319,052016082921,7.00,21.43,65.86,23.99,93.71,1023.60,4.96,1,1,1,0.1
05201608292319,052016082922,6.00,21.43,71.97,21.43,93.06,1023.86,4.96,1,1,1,0.1
05201608292319,052016082923,6.00,21.43,70.52,21.43,93.06,1024.32,4.99,1,1,1,0.1
05201608302310,052016083000,5.00,21.43,74.22,21.43,93.06,1024.48,4.96,1,1,1,1
05201608302311,052016083001,5.00,21.43,78.87,21.43,93.06,1024.65,4.99,1,1,1,0.1
05201608302311,052016083002,5.00,21.43,77.07,21.43,93.06,1024.57,4.99,1,1,1,0.1
05201608302311,052016083003,5.00,41.91,78.87,21.43,93.06,1024.30,4.99,1,1,1,0.1
05201608302312,052016083004,5.00,41.91,98.29,21.43,93.06,1024.38,4.99,1,1,1,0.1
05201608302312,052016083005,5.00,21.43,93.06,21.43,93.06,1024.43,4.99,1,1,1,0.1
05201608302313,052016083006,1909.00,36.79,96.98,21.43,93.06,1024.60,4.99,1,1,1,0.1
05201608302313,052016083007,20523.00,21.43,96.98,21.43,93.06,1024.87,4.99,1,1,1,0.1
05201608302313,052016083008,39623.00,36.79,78.92,21.43,93.06,1024.83,4.99,1,1,1,0.1
05201608302314,052016083009,65535.00,21.43,68.27,21.43,93.06,1025.09,4.97,1,1,1,0.1
05201608302314,052016083010,65535.00,24.47,51.51,23.99,93.71,1025.25,4.96,1,1,1,1
05201608302315,052016083011,65535.00,26.25,51.74,26.55,74.72,1025.10,4.96,1,1,1,0.1
05201608302315,052016083012,65535.00,31.67,41.99,31.67,68.33,1024.66,4.96,1,1,1,0.1
05201608302315,052016083013,65535.00,33.59,30.56,31.67,60.58,1024.49,4.96,1,1,1,0.1
05201608302316,052016083014,65535.00,36.79,27.37,31.67,60.58,1024.04,4.99,1,1,1,0.1
05201608302316,052016083015,65535.00,36.79,26.26,34.23,52.80,1023.31,4.99,1,1,1,0.1
05201608302316,052016083016,65535.00,32.91,25.99,31.67,52.46,1022.83,4.99,1,1,1,0.1
05201608302317,052016083017,65535.00,31.67,38.48,31.67,60.58,1021.98,5.02,1,1,1,0.1
05201608302317,052016083018,65535.00,31.67,42.88,31.67,60.58,1021.74,5.02,1,1,1,0.1
05201608302318,052016083019,37140.00,24.99,51.58,26.55,59.79,1021.62,5.02,1,1,1,0.1
05201608302318,052016083020,1237.00,24.17,51.47,26.55,67.44,1021.85,5.02,1,1,1,0.1
05201608302318,052016083021,6.00,22.15,59.13,23.99,67.00,1021.97,5.02,1,1,1,1
05201608302319,052016083022,6.00,22.85,59.24,23.99,74.22,1022.06,5.02,1,1,1,0.1
05201608302319,052016083023,6.00,21.43,60.15,23.99,74.22,1021.70,5.02,1,1,1,1
05201608312310,052016083100,6.00,21.43,66.78,23.99,81.09,1021.41,5.01,1,1,1,0.1
05201608312311,052016083101,6.00,21.43,72.30,21.43,80.54,1021.01,5.01,1,1,1,0.1
05201608312311,052016083102,6.00,21.43,71.02,21.43,93.06,1020.73,5.01,1,1,1,0.1
05201608312311,052016083103,6.00,21.43,71.97,21.43,93.06,1020.35,5.01,1,1,1,0.1
05201608312312,052016083104,6.00,21.43,75.68,21.43,93.06,1019.92,5.01,1,1,1,0.1
05201608312312,052016083105,6.00,21.43,74.82,21.43,93.06,1019.77,4.96,1,1,1,1
05201608312312,052016083106,1503.00,21.43,81.42,21.43,93.06,1019.79,4.96,1,1,1,0.1
05201608312313,052016083107,24034.00,21.43,74.60,21.43,93.06,1019.61,4.99,1,1,1,0.1
05201608312313,052016083108,43762.00,21.43,73.51,21.43,93.06,1019.65,5.01,1,1,1,0.1
05201608312314,052016083109,65535.00,21.79,62.65,21.43,80.54,1019.94,5.02,1,1,1,0.1
05201608312314,052016083110,65535.00,22.55,59.19,23.99,74.22,1019.66,5.02,1,1,1,0.1
05201608312314,052016083111,65535.00,26.01,59.72,23.99,74.22,1020.00,5.02,1,1,1,1
05201608312315,052016083112,65535.00,25.97,51.71,26.55,67.44,1020.11,5.02,1,1,1,0.1
05201608312315,052016083113,65535.00,31.67,42.95,31.67,60.58,1019.94,5.02,1,1,1,0.1
05201608312316,052016083114,65535.00,33.91,33.04,31.67,60.58,1019.54,5.03,1,1,1,0.1
05201608312316,052016083115,65535.00,31.67,52.46,31.67,60.58,1019.76,5.03,1,1,1,0.1
05201608312316,052016083116,65535.00,25.33,59.61,26.55,67.44,1019.71,5.02,1,1,1,0.1
05201608312317,052016083117,65535.00,24.55,59.49,26.55,67.44,1019.52,5.02,1,1,1,0.1
05201608312317,052016083118,65535.00,24.19,59.44,26.55,67.44,1019.57,5.02,1,1,1,0.1
05201608312317,052016083119,33281.00,21.43,93.06,23.99,93.71,1019.52,5.02,1,1,1,0.1
05201608312318,052016083120,672.00,21.43,93.06,23.99,99.47,1020.27,5.02,1,1,1,0.1
05201608312318,052016083121,7.00,21.43,93.06,21.43,99.47,1020.81,5.02,1,1,1,0.1
05201608312319,052016083122,6.00,21.43,79.13,21.43,98.76,1021.19,5.02,1,1,1,0.1
05201608312319,052016083123,6.00,21.43,74.11,21.43,98.76,1021.22,5.02,1,1,1,0.1
05201609012310,052016090100,6.00,21.43,75.03,21.43,98.76,1021.26,5.02,1,1,1,1
05201609012311,052016090101,6.00,41.91,75.36,21.43,98.76,1021.45,5.02,1,1,1,0.1
05201609012311,052016090102,6.00,21.43,76.32,21.43,98.76,1021.85,5.02,1,1,1,0.1
05201609012311,052016090103,6.00,36.79,79.71,21.43,98.76,1021.85,5.02,1,1,1,0.1
05201609012312,052016090104,6.00,36.79,96.98,21.43,98.76,1021.75,5.00,1,1,1,0.1
05201609012312,052016090105,6.00,36.79,96.98,21.43,98.76,1021.88,5.00,1,1,1,0.1
05201609012312,052016090106,851.00,31.67,95.67,21.43,98.76,1022.02,5.01,1,1,1,0.1
05201609012313,052016090107,49185.00,36.79,96.98,21.43,98.76,1022.59,5.00,1,1,1,1
05201609012313,052016090108,65535.00,36.79,96.98,21.43,98.76,1023.31,5.02,1,1,1,0.1
05201609012314,052016090109,65535.00,21.43,70.18,21.43,98.76,1023.53,5.02,1,1,1,0.1
05201609012314,052016090110,65535.00,23.99,61.51,21.43,93.06,1023.69,5.02,1,1,1,0.1
05201609012314,052016090111,65535.00,24.47,59.47,23.99,93.71,1023.68,5.02,1,1,1,0.1
05201609012315,052016090112,65535.00,24.95,51.56,23.99,93.71,1023.40,5.02,1,1,1,0.1
05201609012315,052016090113,65535.00,26.31,51.75,23.99,93.71,1023.04,5.02,1,1,1,0.1
05201609012316,052016090114,65535.00,31.67,40.21,26.55,94.36,1022.56,5.03,1,1,1,0.1
05201609012316,052016090115,65535.00,31.67,36.80,31.67,82.74,1022.31,5.03,1,1,1,0.1
05201609012316,052016090116,65535.00,31.67,38.48,31.67,82.74,1021.94,5.03,1,1,1,0.1
05201609012317,052016090117,65535.00,31.67,52.46,26.55,81.64,1021.45,5.03,1,1,1,1
05201609012317,052016090118,65535.00,26.51,51.78,26.55,81.64,1021.33,5.03,1,1,1,1
05201609012318,052016090119,38083.00,24.03,51.45,23.99,81.09,1020.93,5.03,1,1,1,0.1
05201609012318,052016090120,588.00,23.85,59.39,23.99,81.09,1021.05,5.02,1,1,1,0.1
05201609012318,052016090121,18.00,21.67,66.13,23.99,81.09,1021.16,5.02,1,1,1,0.1
05201609012319,052016090122,10.00,21.43,66.21,21.43,93.06,1021.31,5.03,1,1,1,0.1
05201609012319,052016090123,11.00,21.43,66.09,21.43,93.06,1020.97,5.02,1,1,1,0.1
05201609022310,052016090200,10.00,21.43,73.51,21.43,93.06,1020.80,5.01,1,1,1,1
05201609022311,052016090201,10.00,41.91,72.85,21.43,93.06,1020.43,4.96,1,1,1,0.1
05201609022311,052016090202,10.00,21.43,77.34,21.43,93.06,1020.24,4.97,1,1,1,0.1
05201609022311,052016090203,8.00,36.79,76.32,21.43,93.06,1019.22,5.01,1,1,1,0.1
05201609022312,052016090204,12.00,36.79,75.46,21.43,93.06,1019.33,5.01,1,1,1,0.1
05201609022312,052016090205,9.00,21.43,79.08,21.43,93.06,1019.06,5.01,1,1,1,0.1
05201609022312,052016090206,554.00,36.79,79.08,21.43,93.06,1018.99,5.01,1,1,1,0.1
05201609022313,052016090207,64691.00,36.79,75.84,21.43,93.06,1018.89,5.01,1,1,1,0.1
05201609022313,052016090208,65535.00,21.43,78.87,21.43,93.06,1019.15,5.01,1,1,1,0.1
05201609022314,052016090209,65535.00,41.91,73.07,21.43,93.06,1019.00,5.01,1,1,1,0.1
05201609022314,052016090210,65535.00,21.43,66.09,21.43,93.06,1018.86,5.00,1,1,1,0.1
05201609022314,052016090211,65535.00,21.99,59.63,23.99,81.09,1018.48,5.00,1,1,1,0.1
05201609022315,052016090212,65535.00,22.63,64.91,23.99,81.09,1018.35,5.03,1,1,1,0.1
05201609022315,052016090213,65535.00,23.35,66.47,23.99,81.09,1017.92,5.03,1,1,1,1
05201609022316,052016090214,65535.00,22.45,67.01,23.99,81.09,1017.54,5.03,1,1,1,0.1
05201609022316,052016090215,65535.00,23.35,66.77,23.99,81.09,1017.68,5.03,1,1,1,0.1
05201609022316,052016090216,65535.00,21.43,69.28,23.99,93.71,1017.20,5.03,1,1,1,0.1
05201609022317,052016090217,65535.00,21.43,72.19,21.43,93.06,1016.83,5.03,1,1,1,0.1
05201609022317,052016090218,32497.00,21.43,78.87,21.43,93.06,1017.24,5.03,1,1,1,0.1
05201609022318,052016090219,9372.00,21.43,77.18,21.43,93.06,1016.89,5.03,1,1,1,0.1
05201609022318,052016090220,184.00,21.43,79.03,21.43,93.06,1017.42,5.03,1,1,1,0.1
05201609022318,052016090221,15.00,21.43,93.06,21.43,93.06,1017.69,5.03,1,1,1,0.1
05201609022319,052016090222,10.00,21.43,93.06,21.43,93.06,1017.62,5.03,1,1,1,0.1
05201609022319,052016090223,9.00,21.43,78.87,21.43,93.06,1017.65,5.03,1,1,1,0.1
05201609032310,052016090300,9.00,21.43,80.33,21.43,93.06,1017.79,5.03,1,1,1,0.1
05201609032311,052016090301,9.00,36.79,76.43,21.43,93.06,1017.53,5.03,1,1,1,0.1
05201609032311,052016090302,8.00,36.79,76.97,21.43,93.06,1017.41,5.02,1,1,1,0.1
05201609032311,052016090303,9.00,36.79,78.87,21.43,93.06,1017.32,5.01,1,1,1,0.1
05201609032312,052016090304,9.00,21.43,96.98,21.43,93.06,1017.46,5.02,1,1,1,0.1
05201609032312,052016090305,8.00,36.79,96.98,21.43,93.06,1017.49,5.02,1,1,1,0.1
05201609032312,052016090306,446.00,31.67,95.67,21.43,93.06,1017.66,5.03,1,1,1,0.1
05201609032313,052016090307,18037.00,31.67,95.67,21.43,93.06,1017.70,5.03,1,1,1,0.1
05201609032313,052016090308,37308.00,36.79,83.78,21.43,93.06,1017.40,5.02,1,1,1,0.1
05201609032314,052016090309,65535.00,21.43,72.85,21.43,93.06,1017.38,5.03,1,1,1,0.1
05201609032314,052016090310,65535.00,23.83,59.37,23.99,74.22,1017.00,5.03,1,1,1,0.1
05201609032314,052016090311,65535.00,22.55,59.19,23.99,74.22,1016.60,5.03,1,1,1,0.1
05201609032315,052016090312,65535.00,22.55,59.16,23.99,74.22,1015.82,5.03,1,1,1,0.1
05201609032315,052016090313,65535.00,23.67,59.35,23.99,74.22,1015.52,5.03,1,1,1,0.1
05201609032316,052016090314,65535.00,23.51,62.27,23.99,74.22,1014.17,5.03,1,1,1,0.1
05201609032316,052016090315,65535.00,21.77,59.07,23.99,74.22,1013.99,5.03,1,1,1,0.1
05201609032316,052016090316,65535.00,21.95,60.54,23.99,74.22,1013.24,5.03,1,1,1,1
05201609032317,052016090317,32061.00,21.43,69.74,21.43,80.54,1013.10,5.03,1,1,1,0.1
05201609032317,052016090318,38447.00,21.43,93.06,21.43,93.06,1012.30,5.03,1,1,1,0.1
05201609032318,052016090319,25729.00,21.43,93.06,21.43,98.76,1011.03,5.03,1,1,1,1
05201609032318,052016090320,37.00,21.43,93.06,21.43,98.76,1011.88,5.03,1,1,1,0.1
05201609032318,052016090321,8.00,21.43,93.06,21.43,98.76,1011.85,5.03,1,1,1,0.1
05201609032319,052016090322,6.00,21.43,93.06,21.43,93.06,1011.47,5.03,1,1,1,0.1
05201609032319,052016090323,5.00,21.43,93.06,21.43,98.76,1010.36,5.03,1,1,1,0.1
05201609042310,052016090400,4.00,21.43,93.06,21.43,98.76,1009.87,4.97,1,1,1,1
05201609042311,052016090401,6.00,21.43,93.06,21.43,93.06,1009.42,4.97,1,1,1,0.1
05201609042311,052016090402,5.00,21.43,93.06,21.43,93.06,1009.00,4.97,1,1,1,0.1
05201609042311,052016090403,3.00,21.43,93.06,21.43,93.06,1008.29,4.97,1,1,1,0.1
05201609042312,052016090404,3.00,21.43,93.06,21.43,93.06,1008.12,4.97,1,1,1,0.1
05201609042312,052016090405,4.00,21.43,74.76,21.43,93.06,1008.83,4.97,1,1,1,0.1
05201609042312,052016090406,212.00,36.79,72.08,21.43,93.06,1009.20,5.01,1,1,1,0.1
05201609042313,052016090407,20950.00,21.43,76.75,21.43,93.06,1009.41,5.00,1,1,1,0.1
05201609042313,052016090408,65535.00,36.79,76.48,21.43,93.06,1009.87,5.01,1,1,1,0.1
05201609042314,052016090409,65535.00,21.43,68.04,21.43,93.06,1010.14,4.97,1,1,1,0.1
05201609042314,052016090410,65535.00,21.43,73.51,21.43,93.06,1010.67,4.98,1,1,1,0.1
05201609042314,052016090411,65535.00,21.43,70.69,21.43,93.06,1011.07,4.97,1,1,1,0.1
05201609042315,052016090412,65535.00,21.61,67.72,21.43,93.06,1011.44,4.97,1,1,1,0.1
05201609042315,052016090413,65535.00,21.81,65.83,23.99,93.71,1011.90,4.99,1,1,1,0.1
05201609042316,052016090414,65535.00,22.39,66.31,23.99,93.71,1012.74,4.97,1,1,1,0.1
05201609042316,052016090415,65535.00,24.57,59.49,23.99,81.09,1013.24,4.99,1,1,1,0.1
05201609042316,052016090416,65535.00,23.35,60.99,23.99,81.09,1013.78,5.03,1,1,1,0.1
05201609042317,052016090417,65535.00,22.11,61.44,23.99,93.71,1014.01,5.04,1,1,1,0.1
05201609042317,052016090418,65535.00,22.39,61.26,23.99,93.71,1014.27,5.03,1,1,1,0.1
05201609042317,052016090419,21051.00,21.43,64.82,21.43,93.06,1014.64,5.03,1,1,1,0.1
05201609042318,052016090420,102.00,21.43,70.07,21.43,93.06,1015.00,5.03,1,1,1,0.1
05201609042318,052016090421,6.00,21.43,72.85,21.43,93.06,1015.44,5.03,1,1,1,0.1
05201609042319,052016090422,6.00,21.43,88.79,21.43,93.06,1015.92,5.03,1,1,1,0.1
05201609042319,052016090423,5.00,21.43,79.76,21.43,93.06,1016.27,5.03,1,1,1,0.1
05201609052310,052016090500,7.00,21.43,75.79,21.43,93.06,1016.47,5.03,1,1,1,0.1
05201609052311,052016090501,5.00,36.79,96.98,21.43,93.06,1016.47,5.03,1,1,1,0.1
05201609052311,052016090502,5.00,36.79,93.06,21.43,93.06,1016.75,5.01,1,1,1,0.1
05201609052311,052016090503,5.00,36.79,93.06,21.43,93.06,1017.15,5.02,1,1,1,0.1
05201609052312,052016090504,5.00,21.43,93.06,21.43,98.76,1017.33,5.01,1,1,1,0.1
05201609052312,052016090505,4.00,36.79,96.98,21.43,98.76,1016.85,5.02,1,1,1,0.1
05201609052312,052016090506,105.00,36.79,93.06,21.43,98.76,1017.20,5.02,1,1,1,0.1
05201609052313,052016090507,7348.00,36.79,96.98,21.43,98.76,1017.54,5.02,1,1,1,0.1
05201609052313,052016090508,60939.00,36.79,93.06,21.43,98.76,1017.37,5.02,1,1,1,0.1
05201609052314,052016090509,65535.00,21.43,93.06,21.43,98.76,1017.73,5.01,1,1,1,0.1
05201609052314,052016090510,65535.00,36.79,93.06,21.43,98.76,1017.99,5.03,1,1,1,0.1
05201609052314,052016090511,65535.00,21.43,93.06,21.43,98.76,1018.46,5.03,1,1,1,1
05201609052315,052016090512,65535.00,21.43,93.06,21.43,98.76,1018.74,5.03,1,1,1,0.1
05201609052315,052016090513,65535.00,21.43,93.06,21.43,93.06,1018.76,5.03,1,1,1,0.1
05201609052316,052016090514,65535.00,21.95,93.20,23.99,93.71,1019.01,5.03,1,1,1,1
05201609052316,052016090515,65535.00,23.67,93.63,23.99,93.71,1018.85,5.03,1,1,1,0.1
05201609052316,052016090516,65535.00,25.29,70.08,23.99,93.71,1018.96,5.03,1,1,1,0.1
05201609052317,052016090517,65535.00,24.63,76.20,23.99,93.71,1019.28,5.03,1,1,1,0.1
05201609052317,052016090518,53818.00,23.93,78.34,23.99,93.71,1019.33,5.03,1,1,1,0.1
05201609052317,052016090519,8023.00,23.41,79.69,23.99,93.71,1019.91,5.03,1,1,1,0.1
05201609052318,052016090520,205.00,22.63,93.39,23.99,93.71,1020.58,5.03,1,1,1,0.1
05201609052318,052016090521,10.00,22.39,93.30,23.99,93.71,1021.10,5.03,1,1,1,0.1
05201609052319,052016090522,8.00,22.55,93.35,23.99,93.71,1021.48,5.03,1,1,1,0.1
05201609052319,052016090523,8.00,22.77,94.36,23.99,93.71,1021.56,5.03,1,1,1,0.1
05201609062310,052016090600,9.00,22.57,93.36,23.99,93.71,1022.00,4.99,1,1,1,1
05201609062311,052016090601,5.00,21.93,93.20,23.99,93.71,1021.80,4.99,1,1,1,1
05201609062311,052016090602,4.00,23.45,93.58,23.99,93.71,1022.02,4.99,1,1,1,0.1
05201609062311,052016090603,6.00,21.61,93.12,23.99,93.71,1022.21,4.99,1,1,1,0.1
05201609062312,052016090604,8.00,23.91,93.70,23.99,93.71,1022.30,5.00,1,1,1,0.1
05201609062312,052016090605,8.00,23.75,93.67,23.99,93.71,1022.25,5.00,1,1,1,1
05201609062312,052016090606,182.00,23.67,93.63,23.99,93.71,1022.70,5.01,1,1,1,1
05201609062313,052016090607,15538.00,23.83,93.69,23.99,93.71,1023.13,5.01,1,1,1,0.1
05201609062313,052016090608,36675.00,21.73,93.14,23.99,93.71,1023.46,5.01,1,1,1,0.1
05201609062314,052016090609,65535.00,22.63,93.36,23.99,93.71,1023.59,5.01,1,1,1,0.1
05201609062314,052016090610,65535.00,24.59,77.40,23.99,93.71,1023.53,5.00,1,1,1,0.1
05201609062314,052016090611,65535.00,25.59,80.02,26.55,94.36,1023.48,5.00,1,1,1,0.1
05201609062315,052016090612,65535.00,24.79,77.43,26.55,94.36,1023.55,5.00,1,1,1,0.1
05201609062315,052016090613,65535.00,25.91,77.66,26.55,94.36,1023.42,5.01,1,1,1,0.1
05201609062316,052016090614,65535.00,26.23,74.22,26.55,94.36,1023.36,5.00,1,1,1,0.1
05201609062316,052016090615,65535.00,25.91,70.27,26.55,94.36,1023.24,5.00,1,1,1,0.1
05201609062316,052016090616,65535.00,24.39,73.46,26.55,94.36,1023.00,5.00,1,1,1,0.1
05201609062317,052016090617,65535.00,24.95,71.00,26.55,94.36,1022.69,5.00,1,1,1,0.1
05201609062317,052016090618,49374.00,24.39,72.54,26.55,94.36,1022.52,5.00,1,1,1,0.1
05201609062317,052016090619,4334.00,25.47,68.16,26.55,94.36,1022.19,5.00,1,1,1,1
05201609062318,052016090620,58.00,24.73,73.02,26.55,94.36,1022.40,5.01,1,1,1,1
05201609062318,052016090621,8.00,24.05,74.73,23.99,93.71,1022.55,5.01,1,1,1,0.1
05201609062319,052016090622,4.00,22.23,74.75,23.99,93.71,1022.50,5.01,1,1,1,0.1
05201609062319,052016090623,6.00,23.67,78.24,23.99,93.71,1022.39,5.01,1,1,1,0.1
05201609072310,052016090700,4.00,21.53,80.13,23.99,93.71,1022.13,5.03,1,1,1,0.1
05201609072311,052016090701,5.00,21.49,80.55,23.99,93.71,1021.50,5.03,1,1,1,0.1
05201609072311,052016090702,6.00,22.17,80.29,23.99,93.71,1021.37,5.03,1,1,1,0.1
05201609072311,052016090703,7.00,21.99,74.92,23.99,93.71,1021.19,5.03,1,1,1,0.1
05201609072312,052016090704,7.00,21.63,80.17,23.99,93.71,1020.66,5.03,1,1,1,1
05201609072312,052016090705,6.00,21.43,93.06,23.99,93.71,1020.05,5.03,1,1,1,1
05201609072312,052016090706,73.00,21.43,93.06,23.99,93.71,1020.13,5.03,1,1,1,0.1
05201609072313,052016090707,7640.00,21.43,93.07,23.99,93.71,1020.04,5.03,1,1,1,0.1
05201609072313,052016090708,19914.00,21.91,93.19,23.99,93.71,1020.26,5.03,1,1,1,0.1
05201609072314,052016090709,46637.00,22.17,93.26,23.99,93.71,1019.74,5.03,1,1,1,0.1
05201609072314,052016090710,65535.00,23.83,93.67,23.99,93.71,1019.34,5.03,1,1,1,0.1
05201609072314,052016090711,65535.00,23.73,93.83,23.99,93.71,1018.83,5.03,1,1,1,0.1
05201609072315,052016090712,65535.00,25.93,61.88,26.55,94.36,1018.22,5.03,1,1,1,0.1
05201609072315,052016090713,65535.00,31.67,60.58,31.67,82.74,1017.61,5.02,1,1,1,0.1
05201609072315,052016090714,65535.00,33.59,52.71,31.67,75.72,1016.97,5.02,1,1,1,0.1
05201609072316,052016090715,65535.00,32.23,39.85,31.67,68.33,1016.35,5.02,1,1,1,0.1
05201609072316,052016090716,65535.00,31.67,43.70,31.67,68.33,1015.61,5.02,1,1,1,1
05201609072317,052016090717,65535.00,31.67,41.79,31.67,68.33,1014.88,5.02,1,1,1,0.1
05201609072317,052016090718,27633.00,31.67,52.46,31.67,68.33,1014.09,5.03,1,1,1,0.1
05201609072317,052016090719,11020.00,31.67,52.46,26.55,67.44,1013.46,5.03,1,1,1,0.1
05201609072318,052016090720,67.00,26.51,51.47,26.55,74.72,1013.29,5.03,1,1,1,0.1
05201609072318,052016090721,5.00,23.67,63.01,26.55,81.64,1013.38,5.03,1,1,1,0.1
05201609072318,052016090722,4.00,23.01,70.99,23.99,93.71,1012.92,5.04,1,1,1,0.1
05201609072319,052016090723,4.00,21.53,71.00,23.99,93.71,1012.48,5.03,1,1,1,0.1
05201609082310,052016090800,4.00,21.43,72.85,23.99,93.71,1012.06,5.02,1,1,1,0.1
05201609082311,052016090801,4.00,21.43,74.38,21.43,93.06,1011.10,5.01,1,1,1,0.1
05201609082311,052016090802,4.00,21.43,74.71,21.43,93.06,1010.16,5.02,1,1,1,1
05201609082311,052016090803,4.00,41.91,78.87,21.43,93.06,1009.47,5.02,1,1,1,0.1
05201609082312,052016090804,4.00,36.79,80.54,21.43,93.06,1008.68,4.96,1,1,1,0.1
05201609082312,052016090805,4.00,21.43,93.06,21.43,93.06,1008.06,5.02,1,1,1,0.1
05201609082313,052016090806,136.00,21.43,93.06,21.43,93.06,1007.43,5.02,1,1,1,0.1
05201609082313,052016090807,13049.00,36.79,93.06,21.43,93.06,1007.33,5.02,1,1,1,0.1
05201609082313,052016090808,29007.00,21.43,93.06,21.43,93.06,1007.31,5.00,1,1,1,0.1
05201609082314,052016090809,65535.00,22.83,73.56,23.99,93.71,1008.88,5.02,1,1,1,0.1
05201609082314,052016090810,65535.00,25.91,59.71,26.55,74.72,1009.28,5.00,1,1,1,0.1
05201609082314,052016090811,65535.00,31.67,52.46,26.55,74.72,1009.71,5.00,1,1,1,0.1
05201609082315,052016090812,65535.00,31.67,52.46,26.55,67.44,1010.41,5.00,1,1,1,0.1
05201609082315,052016090813,65535.00,31.67,42.27,31.67,60.58,1011.12,4.94,1,1,1,1
05201609082316,052016090814,65535.00,31.67,30.26,31.67,52.46,1011.68,4.99,1,1,1,0.1
05201609082316,052016090815,65535.00,31.67,38.48,31.67,52.46,1012.16,5.00,1,1,1,0.1
05201609082316,052016090816,65535.00,31.67,40.07,31.67,60.58,1012.38,5.00,1,1,1,0.1
05201609082317,052016090817,65535.00,26.29,51.75,26.55,59.79,1012.49,5.00,1,1,1,0.1
05201609082317,052016090818,31252.00,23.49,51.39,26.55,59.79,1012.63,5.00,1,1,1,0.1
05201609082318,052016090819,11885.00,23.87,51.43,23.99,67.00,1013.17,5.01,1,1,1,0.1
05201609082318,052016090820,42.00,21.43,59.01,23.99,74.22,1013.81,5.02,1,1,1,0.1
05201609082318,052016090821,7.00,21.43,62.41,23.99,74.22,1014.73,5.02,1,1,1,0.1
05201609082319,052016090822,6.00,21.43,64.70,21.43,73.73,1014.89,4.98,1,1,1,0.1
05201609082319,052016090823,7.00,21.43,80.43,21.43,73.73,1015.06,5.02,1,1,1,0.1
