A1,02201607061500,9576.00,31.67,30.48,31.67,30.62,1020.53,5.05,NEXTSENSE-16:0:0
A1,02201607061600,65535.00,31.67,33.98,31.67,37.71,1021.37,5.05,NEXTSENSE-17:0:0
A1,02201607061653,2842.00,31.67,36.80,31.67,35.11,1019.90,5.02,NEXTSENSE-17:0:0
A1,02201607061700,25473.00,31.67,30.84,31.67,34.19,1019.97,5.04,NEXTSENSE-18:0:0
A1,03201607061800,11004.00,26.55,34.86,25.91,37.15,1019.48,5.04,NEXTSENSE-19:0:0
A1,03201607061900,1634.00,31.67,31.20,25.29,35.23,1019.34,5.04,NEXTSENSE-20:0:0
A1,03201607062000,229.00,31.67,31.41,24.77,36.48,1019.90,5.04,NEXTSENSE-21:0:0
A1,03201607062100,39.00,26.55,33.58,24.13,39.36,1019.65,5.04,NEXTSENSE-22:0:0
A1,03201607062200,4.00,25.91,35.21,25.91,41.51,1019.93,5.04,NEXTSENSE-23:0:0
A1,03201607062300,0.00,26.55,37.96,23.87,51.42,1019.97,5.04,NEXTSENSE-0:0:0
A2,03201607062310,0.00,26.55,37.96,23.87,51.42,1019.97,5.04,NEXTFEED-2016-7-7@23:10:0
A1,03201607070000,0.00,26.41,38.63,23.41,51.36,1019.87,5.02,NEXTSENSE-1:0:0
A1,03201607070100,8368.00,24.17,39.09,23.49,51.37,1019.34,5.02,NEXTSENSE-2:0:0
A1,03201607070200,8543.00,26.55,39.92,22.99,51.31,1019.33,5.02,NEXTSENSE-3:0:0
A1,03201607070300,8194.00,26.55,37.72,23.67,51.39,1018.58,5.02,NEXTSENSE-4:0:0
A1,03201607070400,8276.00,26.25,38.48,23.67,51.39,1018.79,5.01,NEXTSENSE-5:0:0
A1,03201607070500,8293.00,26.23,37.18,23.67,51.40,1018.58,5.00,NEXTSENSE-6:0:0
A1,03201607070600,8489.00,25.91,35.04,22.41,51.23,1018.95,4.98,NEXTSENSE-7:0:0
A1,03201607070700,8644.00,26.55,41.02,23.67,40.93,1018.93,4.99,NEXTSENSE-8:0:0
A1,03201607070800,9356.00,26.55,42.35,23.35,41.97,1019.02,5.01,NEXTSENSE-9:0:0
A1,03201607070900,9770.00,26.47,38.78,23.35,37.92,1018.76,5.02,NEXTSENSE-10:0:0
A1,03201607071000,9965.00,26.55,39.63,23.83,38.65,1018.46,5.02,NEXTSENSE-11:0:0
A1,03201607071100,10605.00,26.55,36.92,24.47,35.84,1018.13,5.02,NEXTSENSE-12:0:0
A1,03201607071200,10940.00,26.55,37.97,25.15,37.83,1017.73,5.02,NEXTSENSE-13:0:0
A1,03201607071300,12033.00,26.55,43.32,25.93,43.25,1017.21,5.02,NEXTSENSE-14:0:0
A1,03201607071400,15082.00,31.67,40.55,24.73,40.21,1016.85,5.02,NEXTSENSE-15:0:0
A1,03201607071500,15831.00,31.67,39.66,25.91,40.00,1016.49,5.02,NEXTSENSE-16:0:0
A1,03201607071600,17359.00,31.67,37.22,31.67,36.80,1016.00,5.02,NEXTSENSE-17:0:0
A1,03201607071700,3605.00,25.91,37.90,25.37,40.62,1015.75,5.01,NEXTSENSE-18:0:0
A1,03201607071800,1893.00,31.67,38.48,24.23,51.71,1015.50,5.06,NEXTSENSE-19:0:0
A1,03201607071900,544.00,26.55,42.28,26.07,51.71,1015.49,5.06,NEXTSENSE-20:0:0
A1,03201607072000,520.00,25.23,51.61,26.07,51.71,1015.03,5.06,NEXTSENSE-21:0:0
A1,03201607072100,83.00,24.49,51.51,26.07,59.72,1015.24,5.06,NEXTSENSE-22:0:0
A1,03201607072200,36.00,26.05,51.73,23.67,59.40,1015.35,5.06,NEXTSENSE-23:0:0
A1,03201607072300,1045.00,26.55,51.62,23.67,59.40,1015.48,5.06,NEXTSENSE-0:0:0
A2,03201607072310,1045.00,26.55,51.62,23.67,59.40,1015.48,5.06,NEXTFEED-2016-7-8@23:10:0
A1,03201607080000,46.00,26.55,51.51,23.99,59.40,1014.99,5.06,NEXTSENSE-1:0:0
A1,03201607080100,23.00,23.87,59.39,23.99,59.40,1014.64,5.06,NEXTSENSE-2:0:0
A1,03201607080200,46.00,23.99,59.35,23.67,59.40,1014.12,5.06,NEXTSENSE-3:0:0
A1,03201607080300,38.00,23.99,59.16,23.67,59.35,1013.83,5.06,NEXTSENSE-4:0:0
A1,03201607080400,46.00,21.91,59.08,21.43,59.01,1013.06,5.06,NEXTSENSE-5:0:0
A1,03201607080500,53.00,23.99,59.39,21.43,59.49,1012.53,5.06,NEXTSENSE-6:0:0
A1,03201607080600,171.00,23.99,59.24,21.43,65.74,1012.31,5.06,NEXTSENSE-7:0:0
A1,03201607080700,288.00,21.69,59.05,21.43,62.88,1012.62,5.05,NEXTSENSE-8:0:0
A1,03201607080800,776.00,23.99,59.08,21.49,64.72,1012.52,5.06,NEXTSENSE-9:0:0
A1,03201607080900,1805.00,22.41,59.17,22.21,62.48,1012.78,5.06,NEXTSENSE-10:0:0
A1,03201607081000,4607.00,21.99,60.29,23.99,67.00,1012.92,5.04,NEXTSENSE-11:0:0
A1,03201607081100,2803.00,23.99,59.22,23.67,61.26,1013.12,5.05,NEXTSENSE-12:0:0
A1,03201607081200,6124.00,23.99,59.36,23.67,61.16,1013.16,5.06,NEXTSENSE-13:0:0
A1,03201607081300,10617.00,25.29,59.60,22.45,59.16,1013.16,5.06,NEXTSENSE-14:0:0
A1,03201607081400,11038.00,26.55,51.77,23.67,59.35,1013.21,5.05,NEXTSENSE-15:0:0
A1,03201607081500,6899.00,26.55,51.60,24.71,51.53,1013.45,5.06,NEXTSENSE-16:0:0
A1,03201607081600,7411.00,26.55,51.57,24.95,51.56,1013.75,5.05,NEXTSENSE-17:0:0
A1,03201607081700,8265.00,23.83,51.41,24.17,51.47,1014.13,5.04,NEXTSENSE-18:0:0
A1,03201607081800,65535.00,31.67,39.52,24.73,51.54,1014.65,5.05,NEXTSENSE-19:0:0
A1,03201607081900,5257.00,31.67,38.48,25.21,51.60,1015.31,5.06,NEXTSENSE-20:0:0
A1,03201607082000,1122.00,31.67,42.06,26.51,51.77,1015.62,5.05,NEXTSENSE-21:0:0
A1,03201607082100,221.00,26.55,51.62,25.03,51.58,1016.31,5.05,NEXTSENSE-22:0:0
A1,03201607082200,4.00,26.55,51.50,24.17,51.47,1016.81,5.05,NEXTSENSE-23:0:0
A1,03201607082300,12.00,26.55,51.69,23.35,51.35,1017.05,5.05,NEXTSENSE-0:0:0
A2,03201607082310,12.00,26.55,51.69,23.35,51.35,1017.05,5.05,NEXTFEED-2016-7-9@23:10:0
A1,03201607090000,26.00,26.55,51.60,22.71,51.27,1017.62,5.02,NEXTSENSE-1:0:0
A1,03201607090100,33.00,24.99,51.57,22.39,51.23,1017.95,5.02,NEXTSENSE-2:0:0
A1,03201607090200,3.00,26.55,51.53,22.15,51.20,1017.88,5.02,NEXTSENSE-3:0:0
A1,03201607090300,23.00,26.55,51.56,22.23,51.22,1017.41,5.02,NEXTSENSE-4:0:0
A1,03201607090400,16.00,26.55,51.52,22.03,51.18,1017.10,5.02,NEXTSENSE-5:0:0
A1,03201607090500,73.00,26.55,51.50,21.93,51.17,1017.06,5.02,NEXTSENSE-6:0:0
A1,03201607090600,517.00,26.55,51.50,21.91,51.16,1016.80,5.02,NEXTSENSE-7:0:0
A1,03201607090700,2149.00,26.55,51.51,21.99,59.10,1016.62,5.02,NEXTSENSE-8:0:0
A1,03201607090800,1889.00,25.11,51.58,22.47,59.18,1016.59,5.02,NEXTSENSE-9:0:0
A1,03201607090900,3989.00,25.45,51.63,22.77,59.22,1016.33,5.00,NEXTSENSE-10:0:0
A1,03201607091000,3566.00,26.01,51.71,23.35,59.30,1016.21,5.02,NEXTSENSE-11:0:0
A1,03201607091100,3459.00,26.53,51.78,23.83,59.37,1015.57,5.00,NEXTSENSE-12:0:0
A1,03201607091200,7416.00,26.55,51.59,24.75,59.52,1015.40,5.02,NEXTSENSE-13:0:0
A1,03201607091300,3653.00,26.01,51.71,25.91,59.69,1015.19,4.99,NEXTSENSE-14:0:0
A1,03201607091400,7139.00,26.27,51.75,26.23,59.74,1014.99,5.02,NEXTSENSE-15:0:0
A1,03201607091500,8319.00,26.55,52.46,26.43,59.78,1014.96,5.02,NEXTSENSE-16:0:0
A1,03201607091600,7918.00,31.67,52.46,24.65,51.53,1014.58,5.02,NEXTSENSE-17:0:0
A1,03201607091700,3826.00,31.67,52.46,24.11,51.46,1013.57,5.02,NEXTSENSE-18:0:0
A1,03201607091800,3561.00,26.55,51.77,26.39,59.77,1013.63,5.02,NEXTSENSE-19:0:0
A1,03201607091900,1546.00,25.97,51.71,25.91,59.69,1013.10,5.02,NEXTSENSE-20:0:0
A1,03201607092000,638.00,26.55,51.64,25.39,59.62,1012.49,5.02,NEXTSENSE-21:0:0
A1,03201607092100,414.00,26.55,51.56,25.11,59.57,1012.31,5.02,NEXTSENSE-22:0:0
A1,03201607092200,38.00,24.23,59.44,24.35,59.46,1012.18,5.02,NEXTSENSE-23:0:0
A1,03201607092300,3.00,26.55,59.74,23.83,59.38,1012.11,5.02,NEXTSENSE-0:0:0
A2,03201607092310,3.00,26.55,59.74,23.83,59.38,1012.11,5.02,NEXTFEED-2016-7-10@23:10:0
A1,03201607100000,18.00,26.55,51.64,23.35,59.30,1011.80,5.04,NEXTSENSE-1:0:0
A1,03201607100100,1.00,26.55,59.55,22.47,59.18,1011.00,5.04,NEXTSENSE-2:0:0
A1,03201607100200,3.00,26.55,59.52,22.15,59.13,1010.10,5.04,NEXTSENSE-3:0:0
A1,03201607100300,34.00,26.55,59.47,21.91,59.09,1009.45,5.04,NEXTSENSE-4:0:0
A1,03201607100400,28.00,24.47,59.47,21.91,59.08,1008.74,5.04,NEXTSENSE-5:0:0
A1,03201607100500,66.00,24.25,59.45,21.75,61.94,1008.01,5.04,NEXTSENSE-6:0:0
A1,03201607100600,462.00,26.55,59.45,21.71,61.93,1008.01,5.04,NEXTSENSE-7:0:0
A1,03201607100700,1063.00,26.55,59.48,21.91,62.84,1007.85,5.04,NEXTSENSE-8:0:0
A1,03201607100800,1597.00,26.55,59.47,21.99,65.07,1007.62,5.04,NEXTSENSE-9:0:0
A1,03201607100900,1929.00,26.55,59.50,22.11,64.82,1007.50,5.04,NEXTSENSE-10:0:0
A1,03201607101000,1728.00,24.95,59.55,22.19,59.54,1007.31,5.04,NEXTSENSE-11:0:0
A1,03201607101100,2428.00,26.55,59.57,22.21,62.01,1006.76,5.04,NEXTSENSE-12:0:0
A1,03201607101200,2782.00,26.55,59.60,22.55,62.18,1006.50,5.04,NEXTSENSE-13:0:0
A1,03201607101300,2640.00,26.55,59.63,22.75,60.66,1006.21,5.04,NEXTSENSE-14:0:0
A1,03201607101400,4416.00,26.55,59.74,23.35,65.03,1006.03,5.04,NEXTSENSE-15:0:0
A1,03201607101500,28514.00,26.55,51.53,24.47,60.58,1005.53,5.04,NEXTSENSE-16:0:0
A1,03201607101600,25278.00,31.67,43.70,25.41,51.63,1005.22,5.04,NEXTSENSE-17:0:0
A1,03201607101700,65535.00,31.67,42.88,31.67,52.46,1004.80,5.05,NEXTSENSE-18:0:0
A1,03201607101800,31786.00,31.67,42.88,31.67,43.99,1004.85,5.05,NEXTSENSE-19:0:0
A1,03201607101900,5190.00,31.67,43.43,31.67,44.01,1004.69,5.04,NEXTSENSE-20:0:0
A1,03201607102000,1910.00,31.67,41.79,24.99,51.57,1004.83,5.04,NEXTSENSE-21:0:0
A1,03201607102100,354.00,25.11,51.60,25.35,51.62,1004.71,5.04,NEXTSENSE-22:0:0
A1,03201607102200,36.00,26.55,51.75,23.91,51.43,1004.94,5.04,NEXTSENSE-23:0:0
A1,03201607102300,1.00,26.55,51.58,22.71,59.21,1005.03,5.04,NEXTSENSE-0:0:0
A2,03201607102310,1.00,26.55,51.58,22.71,59.21,1005.03,5.04,NEXTFEED-2016-7-11@23:10:0
A1,03201607110000,1.00,26.55,51.48,21.99,59.10,1004.99,5.04,NEXTSENSE-1:0:0
A1,03201607110100,8.00,23.99,51.41,23.69,59.36,1004.76,5.04,NEXTSENSE-2:0:0
A1,03201607110200,1.00,23.73,51.41,23.67,59.35,1004.35,5.04,NEXTSENSE-3:0:0
A1,03201607110300,4.00,23.99,51.39,23.43,59.32,1004.03,5.04,NEXTSENSE-4:0:0
A1,03201607110400,60.00,23.99,51.35,23.35,59.30,1003.72,5.04,NEXTSENSE-5:0:0
A1,03201607110500,85.00,23.99,59.25,23.35,59.30,1003.58,5.04,NEXTSENSE-6:0:0
A1,03201607110600,557.00,22.95,59.24,22.95,59.25,1003.48,5.04,NEXTSENSE-7:0:0
A1,03201607110700,1735.00,23.35,51.35,23.35,59.30,1003.84,5.04,NEXTSENSE-8:0:0
A1,03201607110800,2702.00,23.99,51.35,23.35,59.30,1004.14,5.04,NEXTSENSE-9:0:0
A1,03201607110900,2994.00,23.91,51.43,23.71,59.36,1004.57,5.04,NEXTSENSE-10:0:0
A1,03201607111000,2467.00,26.55,51.49,21.67,59.05,1004.90,5.04,NEXTSENSE-11:0:0
A1,03201607111100,6233.00,24.69,51.53,22.11,59.12,1005.40,5.04,NEXTSENSE-12:0:0
A1,03201607111200,6317.00,22.39,59.18,22.39,59.15,1005.70,5.04,NEXTSENSE-13:0:0
A1,03201607111300,7266.00,26.55,51.48,23.99,60.58,1005.65,5.04,NEXTSENSE-14:0:0
A1,03201607111400,10727.00,26.55,51.57,24.77,59.55,1005.92,5.04,NEXTSENSE-15:0:0
A1,03201607111500,4260.00,26.55,51.70,25.59,59.69,1006.30,5.04,NEXTSENSE-16:0:0
A1,03201607111600,18011.00,26.55,59.55,24.69,59.52,1006.57,5.04,NEXTSENSE-17:0:0
A1,03201607111700,2881.00,26.55,59.55,24.65,59.51,1006.76,5.04,NEXTSENSE-18:0:0
A1,03201607121155,1931.00,23.99,51.36,23.99,51.44,1009.22,5.04,NEXTSENSE-12:0:0
A1,03201607121400,3177.00,23.99,59.10,22.39,59.15,1009.55,5.02,NEXTSENSE-15:0:0
A1,03201607141200,1732.00,26.51,51.78,26.47,51.45,1022.13,5.02,NEXTSENSE-13:0:0
A1,03201607141300,2.00,24.61,41.03,24.29,51.48,1022.28,5.02,NEXTSENSE-14:0:0
A1,03201607141400,9047.00,25.01,32.27,24.17,40.98,1023.50,5.02,NEXTSENSE-15:0:0
A1,03201607141500,15301.00,26.55,35.70,22.47,35.23,1023.45,5.02,NEXTSENSE-16:0:0
A1,03201607141600,254.00,26.55,32.35,24.15,40.99,1023.69,5.02,NEXTSENSE-17:0:0
A1,03201607141700,65535.00,25.45,61.75,24.71,97.08,1023.25,5.02,NEXTSENSE-18:0:0
A1,03201607141800,65535.00,23.99,65.12,23.73,94.92,1023.22,5.02,NEXTSENSE-19:0:0
A1,03201607141900,65535.00,26.23,66.58,24.73,96.47,1023.44,5.02,NEXTSENSE-20:0:0
A1,03201607142000,39085.00,23.67,73.39,24.25,96.16,1023.49,5.02,NEXTSENSE-21:0:0
A1,03201607142100,9480.00,21.43,70.35,21.73,98.27,1023.77,5.02,NEXTSENSE-22:0:0
A1,03201607142200,23.00,21.43,75.03,21.43,104.11,1024.35,5.02,NEXTSENSE-23:0:0
A1,03201607142300,12.00,21.43,76.32,21.43,104.11,1024.53,5.02,NEXTSENSE-0:0:0
A2,03201607142310,12.00,21.43,76.32,21.43,104.11,1024.53,5.02,NEXTFEED-2016-7-15@23:10:0
A1,03201607150000,12.00,21.43,93.06,21.43,104.11,1024.64,5.00,NEXTSENSE-1:0:0
A1,03201607150100,12.00,21.43,93.06,21.43,104.11,1024.74,5.00,NEXTSENSE-2:0:0
A1,03201607150200,12.00,21.43,93.06,21.43,104.11,1024.60,5.00,NEXTSENSE-3:0:0
A1,03201607150300,12.00,21.43,93.06,21.43,104.11,1024.66,5.00,NEXTSENSE-4:0:0
A1,03201607150400,16.00,21.43,93.06,21.43,104.11,1024.74,5.00,NEXTSENSE-5:0:0
A1,03201607150500,4074.00,21.43,93.06,21.43,104.11,1024.60,5.00,NEXTSENSE-6:0:0
A1,03201607150600,37983.00,21.43,93.06,21.43,104.11,1024.82,5.00,NEXTSENSE-7:0:0
A1,03201607150700,65535.00,21.43,75.30,21.43,104.11,1024.85,5.00,NEXTSENSE-8:0:0
A1,03201607150800,65535.00,21.43,71.97,21.43,104.11,1025.17,5.00,NEXTSENSE-9:0:0
A1,03201607150900,65535.00,23.99,74.05,21.43,104.11,1025.07,4.94,NEXTSENSE-10:0:0
A1,03201607151000,65535.00,31.67,52.46,23.93,96.35,1024.87,4.95,NEXTSENSE-11:0:0
A1,03201607151100,65535.00,31.67,40.48,24.13,97.42,1025.02,4.95,NEXTSENSE-12:0:0
A1,03201607151200,65535.00,31.67,52.46,24.49,97.94,1024.91,4.99,NEXTSENSE-13:0:0
A1,03201607151300,65535.00,31.67,52.46,26.23,97.33,1024.97,4.94,NEXTSENSE-14:0:0
A1,03201607151400,65535.00,31.67,52.46,26.51,98.03,1024.74,5.00,NEXTSENSE-15:0:0
A1,03201607151500,65535.00,31.67,42.88,31.67,97.94,1024.81,5.00,NEXTSENSE-16:0:0
A1,03201607151600,65535.00,25.51,59.64,26.47,98.74,1024.45,5.00,NEXTSENSE-17:0:0
A1,03201607151700,65535.00,23.99,63.81,23.67,99.03,1024.37,4.94,NEXTSENSE-18:0:0
A1,03201607151800,65535.00,23.99,63.85,23.67,104.78,1024.31,4.96,NEXTSENSE-19:0:0
A1,03201607151900,65535.00,22.39,70.33,22.05,104.31,1023.84,4.96,NEXTSENSE-20:0:0
A1,03201607152000,60901.00,22.65,73.10,21.91,104.25,1023.44,4.97,NEXTSENSE-21:0:0
A1,03201607152100,24532.00,23.99,70.06,21.43,104.11,1023.57,4.94,NEXTSENSE-22:0:0
A1,03201607152200,26.00,21.43,78.87,21.43,104.11,1023.76,4.97,NEXTSENSE-23:0:0
A1,03201607152300,17.00,21.43,79.71,21.43,104.11,1023.71,4.96,NEXTSENSE-0:0:0
A2,03201607152310,17.00,21.43,79.71,21.43,104.11,1023.71,4.96,NEXTFEED-2016-7-16@23:10:0
A1,03201607160000,18.00,21.43,75.25,21.43,104.11,1023.71,4.98,NEXTSENSE-1:0:0
A1,03201607160100,14.00,21.43,76.86,21.43,104.11,1023.65,4.98,NEXTSENSE-2:0:0
A1,03201607160200,17.00,21.43,75.73,21.43,104.11,1023.74,4.98,NEXTSENSE-3:0:0
A1,03201607160300,14.00,21.43,76.75,21.43,104.11,1023.36,4.94,NEXTSENSE-4:0:0
A1,03201607160400,13.00,21.43,78.87,21.43,104.11,1023.15,4.98,NEXTSENSE-5:0:0
A1,03201607160500,3527.00,21.43,93.06,21.43,104.11,1023.32,4.98,NEXTSENSE-6:0:0
A1,03201607160600,29828.00,21.43,80.43,21.43,104.11,1023.40,4.98,NEXTSENSE-7:0:0
A1,03201607160700,35689.00,21.43,93.06,21.43,104.11,1023.72,4.98,NEXTSENSE-8:0:0
A1,03201607160800,65535.00,23.99,74.63,21.43,104.11,1023.89,4.98,NEXTSENSE-9:0:0
A1,03201607160900,65535.00,23.99,70.64,21.43,104.11,1024.32,4.98,NEXTSENSE-10:0:0
A1,03201607161000,65535.00,31.67,64.38,22.91,99.83,1024.03,4.98,NEXTSENSE-11:0:0
A1,03201607161100,65535.00,36.79,53.14,31.67,98.33,1023.61,4.98,NEXTSENSE-12:0:0
A1,03201607161200,65535.00,36.79,53.14,31.67,103.77,1023.42,4.98,NEXTSENSE-13:0:0
A1,03201607161300,65535.00,39.35,39.24,31.91,98.37,1023.21,4.98,NEXTSENSE-14:0:0
A1,03201607161400,65535.00,39.35,42.61,32.39,98.48,1022.90,4.94,NEXTSENSE-15:0:0
A1,03201607161500,65535.00,44.47,31.32,36.79,97.56,1022.49,4.97,NEXTSENSE-16:0:0
A1,03201607161600,65535.00,36.79,44.34,33.59,100.67,1022.21,4.95,NEXTSENSE-17:0:0
A1,03201607161700,65535.00,31.67,52.46,31.67,96.81,1021.97,4.98,NEXTSENSE-18:0:0
A1,03201607161800,65535.00,31.67,60.58,31.67,100.73,1021.67,4.95,NEXTSENSE-19:0:0
A1,03201607161900,65535.00,31.67,60.58,31.67,101.35,1021.79,4.98,NEXTSENSE-20:0:0
A1,03201607162000,63895.00,31.67,62.30,31.67,101.53,1021.73,4.96,NEXTSENSE-21:0:0
A1,03201607162100,6810.00,25.91,63.07,25.91,100.92,1021.77,4.98,NEXTSENSE-22:0:0
A1,03201607162200,20.00,25.23,73.70,25.91,105.44,1021.98,4.98,NEXTSENSE-23:0:0
A1,03201607162300,12.00,23.99,69.75,23.73,104.79,1022.09,4.98,NEXTSENSE-0:0:0
A2,03201607162310,12.00,23.99,69.75,23.73,104.79,1022.09,4.98,NEXTFEED-2016-7-17@23:10:0
A1,03201607170000,13.00,21.91,73.05,22.39,104.39,1021.90,4.98,NEXTSENSE-1:0:0
A1,03201607170100,13.00,23.99,77.67,23.69,104.79,1021.83,4.98,NEXTSENSE-2:0:0
A1,03201607170200,13.00,23.99,79.34,23.03,104.58,1021.91,4.98,NEXTSENSE-3:0:0
A1,03201607170300,17.00,23.99,78.36,22.41,104.40,1021.65,4.99,NEXTSENSE-4:0:0
A1,03201607170400,18.00,23.99,75.41,21.95,104.28,1021.49,4.98,NEXTSENSE-5:0:0
A1,03201607170500,1994.00,23.99,74.63,21.69,104.20,1021.36,4.98,NEXTSENSE-6:0:0
A1,03201607170600,23291.00,23.99,76.11,21.55,104.16,1021.21,4.98,NEXTSENSE-7:0:0
A1,03201607170700,65535.00,23.99,75.15,22.17,104.34,1021.49,4.98,NEXTSENSE-8:0:0
A1,03201607170800,65535.00,25.19,74.22,23.83,104.82,1021.65,4.96,NEXTSENSE-9:0:0
A1,03201607170900,65535.00,31.67,68.33,25.19,105.20,1021.34,4.98,NEXTSENSE-10:0:0
A1,03201607171000,65535.00,34.23,52.79,31.67,98.96,1021.28,4.98,NEXTSENSE-11:0:0
A1,03201607171100,65535.00,36.79,53.14,31.67,97.56,1021.12,4.98,NEXTSENSE-12:0:0
A1,03201607171200,65535.00,34.23,52.58,31.67,97.47,1020.89,4.96,NEXTSENSE-13:0:0
A1,03201607171300,65535.00,34.23,52.51,31.67,101.02,1020.74,4.95,NEXTSENSE-14:0:0
A1,03201607171400,65535.00,32.63,52.58,31.67,100.63,1020.64,4.98,NEXTSENSE-15:0:0
A1,03201607171500,65535.00,34.23,43.56,31.67,104.05,1020.25,4.96,NEXTSENSE-16:0:0
A1,03201607171600,65535.00,31.67,68.80,31.67,100.63,1019.55,4.96,NEXTSENSE-17:0:0
A1,03201607171700,65535.00,31.67,73.96,31.67,101.53,1019.41,4.98,NEXTSENSE-18:0:0
A1,03201607171800,65535.00,26.39,76.89,31.67,107.14,1019.25,4.97,NEXTSENSE-19:0:0
A1,03201607171900,65535.00,31.67,63.04,31.67,101.53,1019.20,4.98,NEXTSENSE-20:0:0
A1,03201607172000,65535.00,31.67,61.32,31.67,101.53,1019.42,4.98,NEXTSENSE-21:0:0
A1,03201607172100,7630.00,26.55,72.85,24.77,107.14,1019.80,4.98,NEXTSENSE-22:0:0
A1,03201607172200,22.00,26.55,73.97,24.65,105.07,1020.24,4.98,NEXTSENSE-23:0:0
A1,03201607172300,14.00,23.99,77.96,22.91,104.56,1020.52,4.98,NEXTSENSE-0:0:0
A2,03201607172310,14.00,23.99,77.96,22.91,104.56,1020.52,4.98,NEXTFEED-2016-7-18@23:10:0
A1,03201607180000,11.00,23.99,75.07,23.67,104.78,1020.68,5.02,NEXTSENSE-1:0:0
A1,03201607180100,11.00,22.15,80.38,21.77,104.25,1020.66,5.02,NEXTSENSE-2:0:0
A1,03201607180200,12.00,21.43,93.06,21.43,104.11,1020.62,5.02,NEXTSENSE-3:0:0
A1,03201607180300,12.00,21.43,93.06,21.43,104.11,1020.47,5.02,NEXTSENSE-4:0:0
A1,03201607180400,14.00,21.43,93.06,21.43,104.11,1020.26,5.02,NEXTSENSE-5:0:0
A1,03201607180500,3457.00,21.43,93.06,21.43,104.11,1020.22,5.02,NEXTSENSE-6:0:0
A1,03201607180600,28173.00,21.43,93.06,21.43,104.11,1020.57,5.02,NEXTSENSE-7:0:0
A1,03201607180700,39603.00,21.43,93.06,21.43,104.11,1020.74,5.03,NEXTSENSE-8:0:0
A1,03201607180800,65535.00,21.43,93.06,21.43,104.11,1020.77,5.02,NEXTSENSE-9:0:0
A1,03201607180900,65535.00,31.67,69.98,22.63,105.63,1020.85,5.02,NEXTSENSE-10:0:0
A1,03201607181000,65535.00,34.23,60.79,31.67,100.15,1020.85,5.02,NEXTSENSE-11:0:0
A1,03201607181100,65535.00,39.35,40.86,31.67,103.11,1020.97,5.02,NEXTSENSE-12:0:0
A1,03201607181200,65535.00,36.79,53.14,31.67,103.21,1020.87,5.02,NEXTSENSE-13:0:0
A1,03201607181300,65535.00,41.91,41.69,32.99,96.02,1020.56,5.02,NEXTSENSE-14:0:0
A1,03201607181400,65535.00,49.59,27.17,39.35,97.64,1020.33,5.02,NEXTSENSE-15:0:0
A1,03201607181500,65535.00,49.59,28.47,39.35,97.64,1019.72,5.02,NEXTSENSE-16:0:0
A1,03201607181600,65535.00,39.35,43.72,36.79,96.98,1019.31,5.02,NEXTSENSE-17:0:0
A1,03201607181700,65535.00,31.67,60.58,31.67,101.55,1018.90,5.03,NEXTSENSE-18:0:0
A1,03201607181800,65535.00,31.67,60.58,31.67,101.31,1018.39,5.03,NEXTSENSE-19:0:0
A1,03201607181900,65535.00,32.79,60.75,31.67,100.63,1018.32,5.03,NEXTSENSE-20:0:0
A1,03201607182000,65535.00,32.63,60.72,31.67,101.59,1018.35,5.03,NEXTSENSE-21:0:0
A1,03201607182100,7420.00,31.67,67.86,31.67,100.15,1018.73,5.03,NEXTSENSE-22:0:0
A1,03201607182200,21.00,26.55,69.24,25.55,99.76,1019.17,5.03,NEXTSENSE-23:0:0
A1,03201607182300,12.00,25.91,74.49,25.91,105.44,1019.33,5.03,NEXTSENSE-0:0:0
A2,03201607182310,12.00,25.91,74.49,25.91,105.44,1019.33,5.03,NEXTFEED-2016-7-19@23:10:0
A1,03201607190000,11.00,23.99,70.21,23.83,104.82,1019.53,5.03,NEXTSENSE-1:0:0
A1,03201607190100,11.00,23.99,75.03,21.67,104.77,1019.15,5.03,NEXTSENSE-2:0:0
A1,03201607190200,12.00,22.39,80.69,22.55,104.44,1018.71,5.03,NEXTSENSE-3:0:0
A1,03201607190300,12.00,21.43,74.54,21.43,104.11,1018.59,5.02,NEXTSENSE-4:0:0
A1,03201607190400,13.00,21.43,77.12,21.43,104.11,1018.14,5.03,NEXTSENSE-5:0:0
A1,03201607190500,3388.00,21.43,78.87,21.43,104.11,1017.88,5.03,NEXTSENSE-6:0:0
A1,03201607190600,28680.00,21.43,93.06,21.43,104.11,1017.87,5.03,NEXTSENSE-7:0:0
A1,03201607190700,51102.00,21.43,76.38,21.43,104.11,1017.91,5.03,NEXTSENSE-8:0:0
A1,03201607190800,65535.00,23.99,79.56,21.43,104.11,1017.60,5.03,NEXTSENSE-9:0:0
A1,03201607190900,65535.00,31.67,62.30,24.55,107.14,1017.36,5.03,NEXTSENSE-10:0:0
A1,03201607191000,65535.00,39.35,53.48,31.67,100.87,1017.07,5.03,NEXTSENSE-11:0:0
A1,03201607191100,65535.00,43.03,43.01,32.93,96.01,1016.74,5.03,NEXTSENSE-12:0:0
A1,03201607191200,65535.00,41.91,38.36,36.79,96.98,1016.42,5.03,NEXTSENSE-13:0:0
A1,03201607191300,65535.00,44.47,43.13,39.35,97.64,1015.93,5.03,NEXTSENSE-14:0:0
A1,03201607191400,65535.00,52.15,27.32,42.87,99.60,1015.30,5.02,NEXTSENSE-15:0:0
A1,03201607191500,65535.00,52.15,27.31,42.39,98.41,1015.05,5.02,NEXTSENSE-16:0:0
A1,03201607191600,65535.00,41.91,42.69,39.41,97.66,1014.48,5.03,NEXTSENSE-17:0:0
A1,03201607191700,65535.00,36.79,61.36,36.79,99.28,1013.95,5.03,NEXTSENSE-18:0:0
A1,03201607191800,65535.00,33.91,60.92,33.03,100.89,1013.49,5.03,NEXTSENSE-19:0:0
A1,03201607191900,65535.00,36.79,61.36,33.07,100.88,1013.34,5.03,NEXTSENSE-20:0:0
A1,03201607192000,65535.00,32.23,60.67,33.59,99.84,1013.05,5.03,NEXTSENSE-21:0:0
A1,03201607192100,5379.00,31.67,60.58,31.67,98.03,1012.62,5.03,NEXTSENSE-22:0:0
A1,03201607192200,19.00,31.67,66.43,31.67,100.15,1012.35,5.03,NEXTSENSE-23:0:0
A1,03201607192300,14.00,26.55,62.39,26.07,98.63,1011.72,5.03,NEXTSENSE-0:0:0
A2,03201607192310,14.00,26.55,62.39,26.07,98.63,1011.72,5.03,NEXTFEED-2016-7-20@23:10:0
A1,03201607200000,12.00,26.55,68.78,26.51,105.61,1011.26,4.99,NEXTSENSE-1:0:0
A1,03201607200100,13.00,25.11,70.73,25.27,105.26,1010.48,5.00,NEXTSENSE-2:0:0
A1,03201607200200,15.00,25.37,74.39,24.65,105.07,1009.84,5.00,NEXTSENSE-3:0:0
A1,03201607200300,12.00,26.55,70.09,23.99,104.88,1008.89,5.00,NEXTSENSE-4:0:0
A1,03201607200400,14.00,23.99,73.28,23.01,104.68,1007.71,5.00,NEXTSENSE-5:0:0
A1,03201607200500,5751.00,23.99,73.77,22.41,104.41,1006.86,5.00,NEXTSENSE-6:0:0
A1,03201607200600,49594.00,26.55,75.01,22.85,104.54,1006.52,5.00,NEXTSENSE-7:0:0
A1,03201607200700,65535.00,26.55,73.57,24.61,105.06,1006.06,5.00,NEXTSENSE-8:0:0
A1,03201607200800,65535.00,31.67,73.90,26.23,100.87,1005.53,5.00,NEXTSENSE-9:0:0
A1,03201607200900,65535.00,31.67,60.58,31.67,98.49,1006.02,4.99,NEXTSENSE-10:0:0
A1,03201607201000,65535.00,36.79,37.65,31.67,97.28,1006.49,4.99,NEXTSENSE-11:0:0
A1,03201607201100,65535.00,36.79,37.29,31.67,95.67,1006.67,4.99,NEXTSENSE-12:0:0
A1,03201607201200,65535.00,31.67,60.58,31.67,102.69,1007.47,4.97,NEXTSENSE-13:0:0
A1,03201607201300,65535.00,36.79,42.34,33.59,96.16,1007.35,4.98,NEXTSENSE-14:0:0
A1,03201607201400,65535.00,44.47,43.13,36.79,96.98,1007.50,4.99,NEXTSENSE-15:0:0
A1,03201607201500,65535.00,47.03,31.69,36.79,96.98,1007.75,4.98,NEXTSENSE-16:0:0
A1,03201607201600,65535.00,36.79,43.99,34.07,99.27,1007.86,4.99,NEXTSENSE-17:0:0
A1,03201607201700,65535.00,32.33,60.68,32.23,96.39,1007.99,4.99,NEXTSENSE-18:0:0
A1,03201607201800,65535.00,31.67,60.58,31.67,101.40,1008.34,4.95,NEXTSENSE-19:0:0
A1,03201607201900,65535.00,34.23,35.39,31.67,100.63,1008.55,4.99,NEXTSENSE-20:0:0
A1,03201607202000,65535.00,31.67,60.58,31.67,98.49,1009.25,5.00,NEXTSENSE-21:0:0
A1,03201607202100,6609.00,31.67,60.58,31.67,101.46,1010.51,4.96,NEXTSENSE-22:0:0
A1,03201607202200,19.00,26.55,59.42,25.37,105.29,1011.54,5.01,NEXTSENSE-23:0:0
A1,03201607202300,14.00,26.55,62.31,25.41,105.29,1011.91,4.99,NEXTSENSE-0:0:0
A2,03201607202310,14.00,26.55,62.31,25.41,105.29,1011.91,4.99,NEXTFEED-2016-7-21@23:10:0
A1,03201607210000,12.00,23.99,66.45,22.95,104.56,1012.43,5.01,NEXTSENSE-1:0:0
A1,03201607210100,11.00,21.43,67.47,22.97,104.68,1012.40,5.00,NEXTSENSE-2:0:0
A1,03201607210200,11.00,21.43,70.24,21.43,104.11,1012.63,5.00,NEXTSENSE-3:0:0
A1,03201607210300,11.00,21.43,72.30,21.43,104.11,1012.48,5.00,NEXTSENSE-4:0:0
A1,03201607210400,12.00,21.43,93.06,21.43,104.11,1012.73,5.01,NEXTSENSE-5:0:0
A1,03201607210500,7556.00,21.43,75.79,21.43,104.11,1013.13,4.99,NEXTSENSE-6:0:0
A1,03201607210600,65535.00,21.43,77.12,21.43,104.11,1013.58,4.98,NEXTSENSE-7:0:0
A1,03201607281200,65535.00,31.67,95.91,31.67,40.42,1014.46,5.04,NEXTSENSE-13:0:0
A1,03201607281300,65535.00,31.67,95.67,103.35,52.46,1014.11,5.05,NEXTSENSE-14:0:0
A1,03201607281400,65535.00,25.91,94.21,26.55,60.58,1013.81,5.05,NEXTSENSE-15:0:0
A1,03201607281500,65535.00,26.41,94.35,26.55,67.44,1013.75,5.05,NEXTSENSE-16:0:0
A1,03201607281600,65535.00,25.41,94.08,26.55,67.44,1013.44,5.05,NEXTSENSE-17:0:0
A1,03201607281700,65535.00,22.81,93.42,23.99,74.22,1012.96,5.05,NEXTSENSE-18:0:0
A1,03201607281800,65535.00,23.01,93.77,23.99,74.22,1012.48,5.05,NEXTSENSE-19:0:0
A1,03201607281900,65535.00,22.63,93.73,23.99,81.09,1012.06,5.05,NEXTSENSE-20:0:0
A1,03201607282000,30340.00,22.39,93.49,23.99,74.22,1011.87,5.05,NEXTSENSE-21:0:0
A1,03201607282100,2143.00,23.83,95.01,23.99,81.09,1011.93,5.05,NEXTSENSE-22:0:0
A1,03201607282200,17.00,22.41,94.90,21.43,80.54,1011.55,5.05,NEXTSENSE-23:0:0
A1,03201607282300,16.00,21.43,112.99,21.43,93.06,1011.65,5.05,NEXTSENSE-0:0:0
A2,03201607282310,16.00,21.43,112.99,21.43,93.06,1011.65,5.05,NEXTFEED-2016-7-29@23:10:0
A1,03201607290000,19.00,21.51,95.78,21.43,93.06,1011.60,5.02,NEXTSENSE-1:0:0
A1,03201607290100,19.00,21.43,95.60,21.43,80.54,1011.34,5.02,NEXTSENSE-2:0:0
A1,03201607290200,20.00,21.43,95.60,21.43,80.54,1011.03,5.03,NEXTSENSE-3:0:0
A1,03201607290300,15.00,21.43,95.91,21.43,80.54,1010.89,5.02,NEXTSENSE-4:0:0
A1,03201607290400,17.00,21.43,96.49,21.43,93.06,1010.62,5.02,NEXTSENSE-5:0:0
A1,03201607290500,433.00,21.43,96.49,21.43,93.06,1010.42,5.02,NEXTSENSE-6:0:0
A1,03201607290600,34861.00,21.43,96.49,21.43,93.06,1010.49,5.00,NEXTSENSE-7:0:0
A1,03201607290700,38172.00,21.43,96.53,21.43,75.89,1010.67,5.02,NEXTSENSE-8:0:0
A1,03201607290800,65535.00,21.43,96.36,21.91,75.13,1010.84,5.02,NEXTSENSE-9:0:0
A1,03201607290900,65535.00,21.43,95.96,21.43,76.32,1010.81,5.02,NEXTSENSE-10:0:0
A1,03201607291000,65535.00,21.43,95.87,22.63,76.77,1010.85,5.02,NEXTSENSE-11:0:0
A1,03201607291100,65535.00,22.55,95.15,22.71,70.69,1011.10,5.02,NEXTSENSE-12:0:0
A1,03201607291200,65535.00,23.93,95.33,24.97,73.54,1010.85,5.02,NEXTSENSE-13:0:0
A1,03201607291300,65535.00,25.91,94.20,103.35,73.90,1010.76,5.02,NEXTSENSE-14:0:0
A1,03201607291400,65535.00,26.39,94.32,31.67,52.46,1010.61,5.02,NEXTSENSE-15:0:0
A1,03201607291500,65535.00,26.55,94.36,31.67,63.53,1010.82,5.02,NEXTSENSE-16:0:0
A1,03201607291600,35472.00,26.51,93.77,25.59,59.69,1010.72,5.02,NEXTSENSE-17:0:0
A1,03201607291700,65535.00,25.11,94.00,25.91,73.04,1010.54,4.99,NEXTSENSE-18:0:0
A1,03201607291800,65535.00,26.39,94.33,31.67,60.58,1010.43,5.02,NEXTSENSE-19:0:0
A1,03201607291900,48425.00,25.53,94.12,26.03,59.74,1010.59,5.02,NEXTSENSE-20:0:0
A1,03201607292000,20896.00,23.35,94.47,23.99,74.22,1010.63,5.02,NEXTSENSE-21:0:0
A1,03201607292100,264.00,22.17,95.43,23.99,74.22,1011.16,5.02,NEXTSENSE-22:0:0
A1,03201607292200,19.00,23.67,96.51,23.99,81.09,1011.69,5.01,NEXTSENSE-23:0:0
A1,03201607292300,15.00,22.45,96.48,23.99,81.09,1012.02,5.02,NEXTSENSE-0:0:0
A2,03201607292310,15.00,22.45,96.48,23.99,81.09,1012.02,5.02,NEXTFEED-2016-7-30@23:10:0
A1,03201607300000,17.00,21.67,97.41,21.43,80.54,1012.20,5.04,NEXTSENSE-1:0:0
A1,03201607300100,16.00,21.43,97.37,21.43,80.54,1012.13,5.04,NEXTSENSE-2:0:0
A1,03201607300200,18.00,21.43,97.37,21.43,80.54,1012.16,5.04,NEXTSENSE-3:0:0
A1,03201607300300,16.00,21.43,97.63,21.43,74.82,1012.30,5.04,NEXTSENSE-4:0:0
A1,03201607300400,15.00,21.43,98.07,21.43,93.06,1012.18,5.04,NEXTSENSE-5:0:0
A1,03201607300500,475.00,21.43,98.07,21.43,93.06,1012.44,5.04,NEXTSENSE-6:0:0
A1,03201607300600,30942.00,21.43,98.42,21.43,93.06,1012.45,5.04,NEXTSENSE-7:0:0
A1,03201607300700,25086.00,21.43,98.46,21.43,76.32,1012.85,5.04,NEXTSENSE-8:0:0
A1,03201607300800,65535.00,21.43,98.42,21.43,74.65,1012.94,5.04,NEXTSENSE-9:0:0
A1,03201607300900,65535.00,21.43,98.07,21.49,72.41,1013.24,5.04,NEXTSENSE-10:0:0
A1,03201607301000,65535.00,22.39,97.63,22.55,73.07,1013.44,5.04,NEXTSENSE-11:0:0
A1,03201607301100,65535.00,23.67,97.94,23.83,65.12,1013.72,5.04,NEXTSENSE-12:0:0
A1,03201607301200,65535.00,25.59,94.71,31.67,60.58,1013.78,5.04,NEXTSENSE-13:0:0
A1,03201607301300,65535.00,25.93,94.23,31.67,60.58,1013.62,5.04,NEXTSENSE-14:0:0
A1,03201607301400,65535.00,31.67,95.67,103.35,43.43,1013.59,5.04,NEXTSENSE-15:0:0
A1,03201607301500,65535.00,31.67,95.67,31.67,60.58,1013.41,5.04,NEXTSENSE-16:0:0
A1,03201607301600,65535.00,31.67,95.67,31.67,60.89,1013.40,5.04,NEXTSENSE-17:0:0
A1,03201607301700,65535.00,26.03,95.43,26.07,60.21,1013.62,5.04,NEXTSENSE-18:0:0
A1,03201607301800,65535.00,25.15,96.54,25.37,65.36,1013.57,5.04,NEXTSENSE-19:0:0
A1,03201607301900,65535.00,24.95,96.53,26.03,60.87,1013.45,5.04,NEXTSENSE-20:0:0
A1,03201607302000,33052.00,23.35,96.47,23.67,59.84,1013.69,5.04,NEXTSENSE-21:0:0
A1,03201607302100,1454.00,23.67,97.98,23.99,74.22,1014.25,5.04,NEXTSENSE-22:0:0
A1,03201607302200,14.00,21.67,98.11,21.43,73.07,1014.53,5.04,NEXTSENSE-23:0:0
A1,03201607302300,13.00,21.43,98.24,21.43,76.86,1014.61,5.04,NEXTSENSE-0:0:0
A2,03201607302310,13.00,21.43,98.24,21.43,76.86,1014.61,5.04,NEXTFEED-2016-7-31@23:10:0
A1,03201607310000,14.00,21.43,98.68,21.43,72.96,1014.80,5.04,NEXTSENSE-1:0:0
A1,03201607310100,15.00,21.43,98.76,21.43,75.09,1015.19,5.04,NEXTSENSE-2:0:0
A1,03201607310200,15.00,21.43,93.61,21.43,79.71,1015.07,5.04,NEXTSENSE-3:0:0
A1,03201607310300,13.00,21.43,93.88,21.43,77.44,1015.03,5.04,NEXTSENSE-4:0:0
A1,03201607310400,15.00,21.43,94.25,21.43,80.12,1015.32,5.04,NEXTSENSE-5:0:0
A1,03201607310500,282.00,21.43,94.43,21.43,74.11,1015.53,5.04,NEXTSENSE-6:0:0
A1,03201607310600,9284.00,21.43,94.70,21.43,75.79,1015.57,5.04,NEXTSENSE-7:0:0
A1,03201607310700,45815.00,21.43,94.65,21.43,73.73,1016.24,5.04,NEXTSENSE-8:0:0
A1,03201607310800,65535.00,21.43,94.47,21.43,73.73,1016.57,5.04,NEXTSENSE-9:0:0
A1,03201607310900,65535.00,21.43,98.76,23.67,15.90,1016.80,5.04,NEXTSENSE-10:0:0
A1,03201607311000,65535.00,25.91,97.69,31.67,61.36,1016.80,5.04,NEXTSENSE-11:0:0
A1,03201607311100,65535.00,31.67,95.67,103.35,60.58,1016.90,5.04,NEXTSENSE-12:0:0
A1,03201607311200,65535.00,31.67,95.67,31.67,52.46,1016.95,5.04,NEXTSENSE-13:0:0
A1,03201607311300,65535.00,26.49,94.52,31.67,53.82,1017.08,5.04,NEXTSENSE-14:0:0
A1,03201607311400,65535.00,25.91,95.32,31.67,52.46,1017.24,5.04,NEXTSENSE-15:0:0
A1,03201607311500,65535.00,31.67,95.67,31.67,42.06,1017.36,5.04,NEXTSENSE-16:0:0
A1,03201607311600,65535.00,26.23,94.66,31.67,60.58,1017.43,5.04,NEXTSENSE-17:0:0
A1,03201607311700,65535.00,24.97,95.25,26.01,59.72,1017.29,5.04,NEXTSENSE-18:0:0
A1,03201607311800,65535.00,25.37,96.79,25.91,59.69,1017.39,5.04,NEXTSENSE-19:0:0
A1,03201607311900,65535.00,25.29,97.15,26.53,63.73,1017.31,5.04,NEXTSENSE-20:0:0
A1,03201607312000,26538.00,23.41,97.18,22.21,63.65,1017.47,5.04,NEXTSENSE-21:0:0
A1,03201607312100,1145.00,23.97,115.58,22.19,69.91,1017.66,5.04,NEXTSENSE-22:0:0
A1,03201607312200,14.00,22.55,98.40,21.43,63.00,1018.02,5.04,NEXTSENSE-23:0:0
A1,03201607312300,13.00,21.43,98.42,21.43,70.07,1018.21,5.04,NEXTSENSE-0:0:0
A2,03201607312310,13.00,21.43,98.42,21.43,70.07,1018.21,5.04,NEXTFEED-2016-7-1@23:10:0
A1,03201608010000,14.00,21.43,98.68,21.43,69.28,1018.49,5.04,NEXTSENSE-1:0:0
A1,03201608010100,13.00,21.43,93.33,21.43,73.73,1018.76,5.04,NEXTSENSE-2:0:0
A1,03201608010200,13.00,21.43,93.79,21.43,70.74,1018.88,5.04,NEXTSENSE-3:0:0
A1,03201608010300,13.00,21.43,94.15,21.43,71.02,1019.03,5.04,NEXTSENSE-4:0:0
A1,03201608010400,12.00,21.43,94.38,21.43,73.51,1018.97,5.04,NEXTSENSE-5:0:0
A1,03201608010500,261.00,21.43,94.79,21.43,76.54,1018.91,5.04,NEXTSENSE-6:0:0
A1,03201608010600,32835.00,21.43,95.24,21.43,72.96,1018.98,5.04,NEXTSENSE-7:0:0
A1,03201608010700,64322.00,21.43,95.24,21.43,74.05,1019.20,5.04,NEXTSENSE-8:0:0
A1,03201608010800,65535.00,21.43,94.61,21.43,70.74,1019.17,5.04,NEXTSENSE-9:0:0
A1,03201608010900,65535.00,21.43,93.97,82.87,69.28,1019.47,5.04,NEXTSENSE-10:0:0
A1,03201608011000,65535.00,21.43,98.76,21.71,113.80,1019.81,5.04,NEXTSENSE-11:0:0
A1,03201608011100,65535.00,21.43,98.42,21.71,113.77,1019.95,5.04,NEXTSENSE-12:0:0
A1,03201608011200,65535.00,21.79,96.70,26.03,94.22,1019.63,5.04,NEXTSENSE-13:0:0
A1,03201608011300,65535.00,22.73,95.61,26.25,105.53,1019.27,5.04,NEXTSENSE-14:0:0
A1,03201608011400,65535.00,21.93,94.91,24.09,61.28,1019.15,5.04,NEXTSENSE-15:0:0
A1,03201608011500,65535.00,22.47,95.67,23.35,59.30,1018.99,5.04,NEXTSENSE-16:0:0
A1,03201608011600,65535.00,21.67,96.29,87.99,64.89,1018.74,5.04,NEXTSENSE-17:0:0
A1,03201608011700,65535.00,21.43,97.37,22.39,64.86,1018.14,5.04,NEXTSENSE-18:0:0
A1,03201608011800,65535.00,21.43,96.49,82.87,67.58,1017.70,5.04,NEXTSENSE-19:0:0
A1,03201608011900,26516.00,21.43,97.46,21.43,74.38,1017.25,5.04,NEXTSENSE-20:0:0
A1,03201608012000,8696.00,21.43,98.76,21.43,76.86,1016.63,5.04,NEXTSENSE-21:0:0
A1,03201608012100,294.00,21.43,94.34,21.43,78.87,1015.96,5.04,NEXTSENSE-22:0:0
A1,03201608012200,17.00,21.43,94.65,82.87,93.06,1015.34,5.04,NEXTSENSE-23:0:0
A1,03201608012300,17.00,21.43,94.79,21.43,93.06,1014.38,5.04,NEXTSENSE-0:0:0
A2,03201608012310,17.00,21.43,94.79,21.43,93.06,1014.38,5.04,NEXTFEED-2016-8-2@23:10:0
A1,03201608020000,17.00,21.43,94.74,21.43,93.06,1013.25,4.99,NEXTSENSE-1:0:0
A1,03201608020100,17.00,21.43,94.65,21.43,93.06,1012.01,4.99,NEXTSENSE-2:0:0
A1,03201608020200,17.00,21.43,94.79,21.43,93.06,1011.19,5.00,NEXTSENSE-3:0:0
A1,03201608020300,16.00,21.43,94.70,21.43,93.06,1010.19,5.00,NEXTSENSE-4:0:0
A1,03201608020400,16.00,21.43,94.52,21.43,93.06,1009.77,5.02,NEXTSENSE-5:0:0
A1,03201608020500,100.00,21.43,94.15,21.43,93.06,1009.38,4.99,NEXTSENSE-6:0:0
A1,03201608020600,6733.00,21.43,93.97,82.87,93.06,1009.21,5.02,NEXTSENSE-7:0:0
A1,03201608020700,23152.00,21.43,93.84,82.87,93.06,1009.45,5.02,NEXTSENSE-8:0:0
A1,03201608020800,65535.00,21.43,98.68,21.43,93.06,1009.54,4.99,NEXTSENSE-9:0:0
A1,03201608020900,65535.00,21.43,98.07,87.99,78.87,1009.64,4.98,NEXTSENSE-10:0:0
A1,03201608021000,65535.00,21.43,96.31,23.35,80.46,1009.67,4.99,NEXTSENSE-11:0:0
A1,03201608021100,65535.00,21.91,96.06,23.97,34.19,1009.78,5.02,NEXTSENSE-12:0:0
A1,03201608021200,65535.00,23.35,95.84,23.47,77.26,1009.85,4.98,NEXTSENSE-13:0:0
A1,03201608021300,65535.00,23.83,95.33,23.67,80.39,1010.05,5.02,NEXTSENSE-14:0:0
A1,03201608021400,65535.00,22.63,94.73,25.91,75.70,1009.91,5.02,NEXTSENSE-15:0:0
A1,03201608021500,65535.00,23.99,94.07,24.95,72.97,1010.03,5.02,NEXTSENSE-16:0:0
A1,03201608021600,65535.00,24.03,94.36,26.23,74.57,1010.08,5.02,NEXTSENSE-17:0:0
A1,03201608021700,65535.00,23.35,95.07,24.33,79.49,1009.90,5.02,NEXTSENSE-18:0:0
A1,03201608021800,65535.00,22.87,95.62,24.27,81.03,1009.87,5.02,NEXTSENSE-19:0:0
A1,03201608021900,21876.00,22.75,95.16,23.73,80.85,1009.53,5.02,NEXTSENSE-20:0:0
A1,03201608022000,25188.00,21.71,96.26,21.95,93.20,1009.77,5.02,NEXTSENSE-21:0:0
A1,03201608022100,246.00,23.37,97.09,23.39,78.05,1009.96,5.03,NEXTSENSE-22:0:0
A1,03201608022200,18.00,22.81,97.77,22.91,80.03,1009.95,5.02,NEXTSENSE-23:0:0
A1,03201608022300,17.00,22.39,97.63,22.41,80.43,1009.84,5.02,NEXTSENSE-0:0:0
A2,03201608022310,17.00,22.39,97.63,22.41,80.43,1009.84,5.02,NEXTFEED-2016-8-3@23:10:0
A1,03201608030000,16.00,21.81,97.47,21.75,80.60,1009.71,5.04,NEXTSENSE-1:0:0
A1,03201608030100,17.00,21.43,98.07,21.43,93.06,1008.89,5.04,NEXTSENSE-2:0:0
A1,03201608030200,17.00,21.43,98.07,21.43,93.06,1008.84,5.04,NEXTSENSE-3:0:0
A1,03201608030300,17.00,21.43,98.07,82.87,93.06,1008.20,5.04,NEXTSENSE-4:0:0
A1,03201608030400,17.00,21.43,98.07,21.43,93.06,1007.88,5.04,NEXTSENSE-5:0:0
A1,03201608030500,36.00,21.43,98.16,82.87,93.06,1007.62,5.04,NEXTSENSE-6:0:0
A1,03201608030600,14549.00,21.43,98.16,21.43,93.06,1007.47,5.04,NEXTSENSE-7:0:0
A1,03201608030700,49771.00,21.43,98.07,21.43,93.06,1007.43,5.04,NEXTSENSE-8:0:0
A1,03201608030800,65535.00,21.43,97.63,22.11,73.38,1007.89,5.04,NEXTSENSE-9:0:0
A1,03201608030900,65535.00,22.95,96.88,22.65,72.21,1008.19,5.04,NEXTSENSE-10:0:0
A1,03201608031000,65535.00,21.79,94.87,24.47,66.21,1008.18,5.04,NEXTSENSE-11:0:0
A1,03201608031100,65535.00,23.93,94.05,24.15,60.58,1008.12,5.04,NEXTSENSE-12:0:0
A1,03201608031200,65535.00,24.73,93.90,31.67,107.14,1007.83,5.04,NEXTSENSE-13:0:0
A1,03201608031300,65535.00,25.91,94.20,31.67,61.36,1007.55,5.04,NEXTSENSE-14:0:0
A1,03201608031400,65535.00,25.51,94.11,31.67,60.58,1007.26,5.04,NEXTSENSE-15:0:0
A1,03201608031500,65535.00,31.67,95.67,31.67,52.46,1007.06,5.04,NEXTSENSE-16:0:0
A1,03201608031600,65535.00,31.67,95.67,103.35,60.58,1006.67,5.04,NEXTSENSE-17:0:0
A1,03201608031700,65535.00,25.91,94.20,31.67,60.58,1006.39,5.04,NEXTSENSE-18:0:0
A1,03201608031800,65535.00,26.41,94.34,24.39,61.83,1006.07,5.04,NEXTSENSE-19:0:0
A1,03201608031900,65535.00,24.37,93.83,24.01,66.20,1006.38,5.04,NEXTSENSE-20:0:0
A1,03201608032000,19912.00,22.45,95.05,21.63,61.90,1006.58,5.04,NEXTSENSE-21:0:0
A1,03201608032100,829.00,22.55,95.86,21.43,68.55,1007.13,5.04,NEXTSENSE-22:0:0
A1,03201608032200,12.00,21.43,95.60,21.43,67.92,1007.33,5.04,NEXTSENSE-23:0:0
A1,03201608032300,15.00,21.43,97.37,82.87,70.30,1007.58,5.04,NEXTSENSE-0:0:0
A2,03201608032310,15.00,21.43,97.37,82.87,70.30,1007.58,5.04,NEXTFEED-2016-8-4@23:10:0
A1,03201608040000,13.00,21.43,98.07,82.87,77.92,1007.68,5.04,NEXTSENSE-1:0:0
A1,03201608040100,13.00,21.43,98.07,21.43,75.25,1007.62,5.04,NEXTSENSE-2:0:0
A1,03201608040200,12.00,21.43,98.72,21.43,76.75,1007.47,5.04,NEXTSENSE-3:0:0
A1,03201608040300,13.00,21.43,98.59,21.43,75.25,1007.44,5.04,NEXTSENSE-4:0:0
A1,03201608040400,14.00,21.43,93.47,21.43,78.87,1007.30,5.04,NEXTSENSE-5:0:0
A1,03201608040500,163.00,21.43,98.42,21.43,77.18,1007.47,5.04,NEXTSENSE-6:0:0
A1,03201608040600,16668.00,21.43,94.15,21.43,79.71,1007.70,5.04,NEXTSENSE-7:0:0
A1,03201608040700,65535.00,21.43,93.70,21.43,73.34,1008.24,5.04,NEXTSENSE-8:0:0
A1,03201608040800,65535.00,21.43,93.52,21.43,72.85,1008.31,5.04,NEXTSENSE-9:0:0
A1,03201608040900,65535.00,21.43,98.42,87.99,113.80,1008.51,5.04,NEXTSENSE-10:0:0
A1,03201608041000,65535.00,21.43,97.37,23.67,62.22,1008.93,5.04,NEXTSENSE-11:0:0
A1,03201608041100,65535.00,24.47,95.26,31.67,107.14,1008.75,5.04,NEXTSENSE-12:0:0
A1,03201608041200,65535.00,24.77,94.76,25.43,115.04,1008.88,5.04,NEXTSENSE-13:0:0
A1,03201608041300,65535.00,25.91,94.20,25.97,59.71,1008.97,5.04,NEXTSENSE-14:0:0
A1,03201608041400,65535.00,25.13,94.23,24.95,59.55,1008.95,5.04,NEXTSENSE-15:0:0
A1,03201608041500,65535.00,24.55,93.87,31.67,60.58,1009.29,5.04,NEXTSENSE-16:0:0
A1,03201608041600,65535.00,26.47,94.34,31.67,107.14,1009.49,5.04,NEXTSENSE-17:0:0
A1,03201608041700,65535.00,26.53,95.45,93.11,105.44,1009.64,5.04,NEXTSENSE-18:0:0
A1,03201608041800,65535.00,26.23,95.35,24.67,114.77,1010.17,5.04,NEXTSENSE-19:0:0
A1,03201608041900,65535.00,24.95,95.16,25.39,59.62,1011.03,5.04,NEXTSENSE-20:0:0
A1,03201608042000,22021.00,22.55,96.97,21.81,65.71,1011.87,5.04,NEXTSENSE-21:0:0
A1,03201608042100,648.00,23.35,97.98,22.13,72.98,1012.59,5.04,NEXTSENSE-22:0:0
A1,03201608042200,15.00,21.43,98.68,82.87,93.06,1013.28,5.04,NEXTSENSE-23:0:0
A1,03201608042300,12.00,21.43,94.43,21.43,93.06,1013.71,5.04,NEXTSENSE-0:0:0
A2,03201608042310,12.00,21.43,94.43,21.43,93.06,1013.71,5.04,NEXTFEED-2016-8-5@23:10:0
A1,03201608050000,12.00,21.43,94.83,21.43,93.06,1014.25,5.02,NEXTSENSE-1:0:0
A1,03201608050100,12.00,21.43,95.24,21.43,93.06,1014.61,5.03,NEXTSENSE-2:0:0
A1,03201608050200,12.00,21.43,95.24,82.87,93.06,1014.98,5.03,NEXTSENSE-3:0:0
A1,03201608050300,13.00,21.43,95.33,21.43,93.06,1015.64,5.02,NEXTSENSE-4:0:0
A1,03201608050400,12.00,21.43,95.60,82.87,93.06,1016.18,5.02,NEXTSENSE-5:0:0
A1,03201608050500,126.00,21.43,95.78,21.43,93.06,1016.76,5.02,NEXTSENSE-6:0:0
A1,03201608050600,13633.00,21.43,95.87,21.43,93.06,1017.33,5.03,NEXTSENSE-7:0:0
A1,03201608050700,41899.00,21.43,95.87,21.43,93.06,1017.73,5.03,NEXTSENSE-8:0:0
A1,03201608050800,65535.00,21.43,95.60,21.43,93.06,1018.42,5.02,NEXTSENSE-9:0:0
A1,03201608050900,65535.00,21.43,94.79,21.43,79.71,1019.19,5.03,NEXTSENSE-10:0:0
A1,03201608051000,65535.00,24.23,98.85,103.35,60.58,1019.61,5.02,NEXTSENSE-11:0:0
A1,03201608051100,65535.00,26.41,95.81,31.67,60.58,1020.02,5.02,NEXTSENSE-12:0:0
A1,03201608051200,65535.00,31.67,96.58,31.67,52.46,1020.23,5.02,NEXTSENSE-13:0:0
A1,03201608051300,65535.00,31.67,95.91,31.67,52.46,1020.49,5.02,NEXTSENSE-14:0:0
A1,03201608051400,65535.00,31.67,95.67,33.59,96.33,1020.66,5.02,NEXTSENSE-15:0:0
A1,03201608051500,65535.00,31.67,95.67,108.47,83.23,1020.71,5.02,NEXTSENSE-16:0:0
A1,03201608051600,65535.00,31.67,95.67,33.69,43.99,1020.59,5.02,NEXTSENSE-17:0:0
A1,03201608051700,65535.00,31.67,96.24,31.67,60.58,1020.83,5.02,NEXTSENSE-18:0:0
A1,03201608051800,65535.00,31.67,97.56,103.35,62.15,1020.74,5.03,NEXTSENSE-19:0:0
A1,03201608051900,65535.00,31.67,98.40,26.55,62.12,1020.83,5.02,NEXTSENSE-20:0:0
A1,03201608052000,46068.00,24.95,97.21,26.47,66.26,1021.48,5.02,NEXTSENSE-21:0:0
A1,03201608052100,205.00,25.53,98.46,24.25,70.03,1021.96,5.02,NEXTSENSE-22:0:0
A1,03201608052200,13.00,23.67,98.16,21.83,75.32,1022.77,5.02,NEXTSENSE-23:0:0
A1,03201608052300,13.00,21.73,98.47,21.93,75.14,1022.99,4.98,NEXTSENSE-0:0:0
A2,03201608052310,13.00,21.73,98.47,21.93,75.14,1022.99,4.98,NEXTFEED-2016-8-6@23:10:0
A1,03201608060000,12.00,22.39,98.87,21.43,69.34,1023.31,5.00,NEXTSENSE-1:0:0
A1,03201608060100,13.00,21.43,93.61,21.43,75.63,1023.69,5.00,NEXTSENSE-2:0:0
A1,03201608071300,65535.00,31.67,100.96,31.67,73.90,1022.73,5.02,NEXTSENSE-14:0:0
A1,03201608071400,65535.00,31.67,98.31,33.59,60.87,1022.45,5.02,NEXTSENSE-15:0:0
A1,03201608071500,65535.00,31.67,95.86,39.35,53.48,1022.25,5.02,NEXTSENSE-16:0:0
A1,03201608071600,65535.00,31.67,97.19,36.79,53.14,1021.85,5.02,NEXTSENSE-17:0:0
A1,03201608071700,48475.00,31.67,100.15,31.67,68.33,1020.99,5.02,NEXTSENSE-18:0:0
A1,03201608071800,31269.00,31.67,100.87,26.55,67.44,1021.02,5.02,NEXTSENSE-19:0:0
A1,03201608071900,65535.00,31.67,101.41,31.67,68.33,1020.63,5.02,NEXTSENSE-20:0:0
A1,03201608072000,10213.00,24.99,99.65,26.55,74.72,1020.38,5.01,NEXTSENSE-21:0:0
A1,03201608072100,123.00,24.73,95.29,23.99,74.22,1020.82,5.01,NEXTSENSE-22:0:0
A1,03201608072200,5.00,22.39,95.49,21.43,73.73,1021.00,5.01,NEXTSENSE-23:0:0
A1,03201608072300,4.00,22.75,96.17,21.43,80.54,1020.91,5.01,NEXTSENSE-0:0:0
A2,03201608072310,4.00,22.75,96.17,21.43,80.54,1020.91,5.01,NEXTFEED-2016-8-8@23:10:0
A1,03201608080000,4.00,21.47,96.13,21.43,80.54,1020.47,5.00,NEXTSENSE-1:0:0
A1,03201608080100,5.00,21.43,96.40,21.43,80.54,1020.39,5.00,NEXTSENSE-2:0:0
A1,03201608080200,5.00,21.43,96.31,21.43,80.54,1019.79,4.99,NEXTSENSE-3:0:0
A1,03201608080300,5.00,21.43,96.40,21.43,80.54,1019.65,4.96,NEXTSENSE-4:0:0
A1,03201608080400,4.00,21.43,96.40,21.43,93.06,1019.40,4.99,NEXTSENSE-5:0:0
A1,03201608080500,26.00,21.43,97.37,21.43,93.06,1019.53,4.97,NEXTSENSE-6:0:0
A1,03201608080600,6296.00,21.43,97.37,21.43,93.06,1020.01,4.96,NEXTSENSE-7:0:0
A1,03201608080700,17089.00,21.43,97.37,21.43,93.06,1021.05,4.99,NEXTSENSE-8:0:0
A1,03201608080800,22909.00,21.43,97.37,21.43,93.06,1021.53,5.00,NEXTSENSE-9:0:0
A1,03201608080900,65535.00,21.43,97.37,21.43,93.06,1021.81,4.99,NEXTSENSE-10:0:0
A1,03201608081000,65535.00,22.39,94.22,31.67,66.43,1021.83,5.00,NEXTSENSE-11:0:0
A1,03201608081100,65535.00,24.49,99.54,24.95,59.56,1021.95,5.00,NEXTSENSE-12:0:0
A1,03201608081200,65535.00,24.97,99.61,31.67,107.14,1022.13,5.00,NEXTSENSE-13:0:0
A1,03201608081300,65535.00,24.29,99.02,103.35,61.36,1021.92,4.98,NEXTSENSE-14:0:0
A1,03201608081400,65535.00,31.67,100.15,31.67,52.46,1021.84,4.99,NEXTSENSE-15:0:0
A1,03201608081500,65535.00,26.07,99.34,31.67,60.58,1021.70,5.00,NEXTSENSE-16:0:0
A1,03201608081600,65535.00,24.25,99.51,25.91,61.70,1021.46,5.00,NEXTSENSE-17:0:0
A1,03201608081700,65535.00,25.91,94.76,25.91,62.06,1021.53,5.00,NEXTSENSE-18:0:0
A1,03201608081800,31952.00,23.67,95.05,23.67,74.20,1021.74,5.00,NEXTSENSE-19:0:0
A1,03201608081900,24993.00,22.09,95.42,23.67,73.50,1021.78,5.00,NEXTSENSE-20:0:0
A1,03201608082000,4135.00,22.91,96.05,21.43,73.70,1022.02,5.00,NEXTSENSE-21:0:0
A1,03201608082100,61.00,21.43,96.22,21.43,73.70,1022.56,5.00,NEXTSENSE-22:0:0
A1,03201608082200,6.00,21.43,96.67,21.43,80.54,1023.03,5.00,NEXTSENSE-23:0:0
A1,03201608082300,7.00,21.43,97.37,21.43,73.56,1023.34,4.99,NEXTSENSE-0:0:0
A2,03201608082310,7.00,21.43,97.37,21.43,73.56,1023.34,4.99,NEXTFEED-2016-8-9@23:10:0
A1,03201608090000,6.00,21.43,97.37,82.87,75.03,1023.55,5.00,NEXTSENSE-1:0:0
A1,03201608090100,4.00,21.43,98.07,82.87,76.32,1023.89,5.00,NEXTSENSE-2:0:0
A1,03201608090200,4.00,21.43,98.42,21.43,93.06,1023.91,5.00,NEXTSENSE-3:0:0
A1,03201608090300,4.00,21.43,98.59,82.87,93.06,1023.86,5.00,NEXTSENSE-4:0:0
A1,03201608090400,4.00,21.43,104.11,21.43,93.06,1023.87,5.00,NEXTSENSE-5:0:0
A1,03201608090500,22.00,21.43,104.11,21.43,93.06,1024.11,5.00,NEXTSENSE-6:0:0
A1,03201608090600,7189.00,21.43,104.11,82.87,93.06,1024.40,5.00,NEXTSENSE-7:0:0
A1,03201608090700,18827.00,21.43,104.11,21.43,93.06,1024.95,5.00,NEXTSENSE-8:0:0
A1,03201608090800,28456.00,21.43,104.11,82.87,93.06,1025.38,5.00,NEXTSENSE-9:0:0
A1,03201608090900,65535.00,21.43,98.59,82.87,72.85,1025.70,5.00,NEXTSENSE-10:0:0
A1,03201608091000,65535.00,21.43,95.33,26.29,59.77,1025.89,5.01,NEXTSENSE-11:0:0
A1,03201608091100,65535.00,23.35,94.15,103.35,52.46,1026.10,5.02,NEXTSENSE-12:0:0
A1,03201608091200,65535.00,26.01,99.83,31.67,52.46,1025.63,5.02,NEXTSENSE-13:0:0
A1,03201608091300,65535.00,25.11,99.39,31.67,95.67,1025.45,5.01,NEXTSENSE-14:0:0
A1,03201608091400,65535.00,31.67,100.24,31.67,95.67,1025.23,5.02,NEXTSENSE-15:0:0
A1,03201608091500,65535.00,26.25,94.84,25.43,65.39,1025.04,5.01,NEXTSENSE-16:0:0
A1,03201608091600,65535.00,24.95,95.07,24.71,59.52,1024.37,5.01,NEXTSENSE-17:0:0
A1,03201608091700,65535.00,24.59,94.94,25.11,62.46,1023.99,5.01,NEXTSENSE-18:0:0
A1,03201608091800,65226.00,23.67,95.03,22.47,63.04,1023.76,5.01,NEXTSENSE-19:0:0
A1,03201608091900,33691.00,21.67,95.37,22.63,66.30,1023.64,5.01,NEXTSENSE-20:0:0
A1,03201608092000,8623.00,22.17,96.27,21.43,69.28,1023.96,5.00,NEXTSENSE-21:0:0
A1,03201608092100,81.00,21.43,97.37,21.43,70.13,1024.08,5.01,NEXTSENSE-22:0:0
A1,03201608092200,5.00,21.43,114.02,21.43,73.07,1024.58,5.00,NEXTSENSE-23:0:0
A1,03201608092300,4.00,21.43,98.11,21.43,74.82,1024.72,5.00,NEXTSENSE-0:0:0
A2,03201608092310,4.00,21.43,98.11,21.43,74.82,1024.72,5.00,NEXTFEED-2016-8-10@23:10:0
A1,03201608100000,5.00,21.43,98.42,21.43,75.14,1024.67,4.97,NEXTSENSE-1:0:0
A1,03201608100100,4.00,21.43,98.76,21.43,74.38,1024.48,4.99,NEXTSENSE-2:0:0
A1,03201608100200,4.00,21.43,104.11,21.43,79.71,1024.37,4.98,NEXTSENSE-3:0:0
A1,03201608100300,4.00,21.43,104.11,21.43,79.08,1024.25,4.99,NEXTSENSE-4:0:0
A1,03201608100400,4.00,21.43,104.11,21.43,93.06,1024.10,4.99,NEXTSENSE-5:0:0
A1,03201608100500,16.00,21.43,104.11,21.43,93.06,1024.03,4.97,NEXTSENSE-6:0:0
A1,03201608100600,9386.00,21.43,104.11,21.43,93.06,1024.11,4.99,NEXTSENSE-7:0:0
A1,03201608100700,36316.00,21.43,104.11,21.43,93.06,1024.34,4.99,NEXTSENSE-8:0:0
A1,03201608100800,65535.00,21.43,115.09,21.43,77.92,1024.78,4.99,NEXTSENSE-9:0:0
A1,03201608100900,65535.00,21.43,97.37,82.87,71.97,1025.08,4.99,NEXTSENSE-10:0:0
A1,03201608101000,65535.00,21.43,96.67,87.99,70.14,1025.10,4.98,NEXTSENSE-11:0:0
A1,03201608101100,65535.00,22.13,111.54,24.47,63.36,1025.10,5.00,NEXTSENSE-12:0:0
A1,03201608101200,65535.00,21.67,95.32,23.67,63.43,1025.05,5.00,NEXTSENSE-13:0:0
A1,03201608101300,65535.00,21.79,95.33,23.35,15.88,1025.14,5.00,NEXTSENSE-14:0:0
A1,03201608101400,65535.00,24.13,94.47,31.67,61.36,1025.07,5.00,NEXTSENSE-15:0:0
A1,03201608101500,65535.00,24.31,99.36,31.67,60.58,1024.72,4.97,NEXTSENSE-16:0:0
A1,03201608101600,65535.00,25.97,99.89,25.19,105.23,1024.61,4.97,NEXTSENSE-17:0:0
A1,03201608101700,65535.00,23.67,95.01,22.85,63.01,1024.34,5.00,NEXTSENSE-18:0:0
A1,03201608101800,64600.00,22.77,94.93,23.35,65.14,1024.24,5.00,NEXTSENSE-19:0:0
A1,03201608101900,55669.00,22.39,95.04,23.03,114.34,1024.06,5.00,NEXTSENSE-20:0:0
A1,03201608102000,11939.00,23.35,95.99,21.53,69.80,1023.90,5.00,NEXTSENSE-21:0:0
A1,03201608102100,34.00,21.43,96.49,21.43,73.29,1024.12,5.00,NEXTSENSE-22:0:0
A1,03201608102200,5.00,21.43,97.37,21.43,69.85,1024.01,5.00,NEXTSENSE-23:0:0
A1,03201608102300,5.00,21.43,97.37,21.43,71.97,1023.81,4.96,NEXTSENSE-0:0:0
A2,03201608102310,5.00,21.43,97.37,21.43,71.97,1023.81,4.96,NEXTFEED-2016-8-11@23:10:0
A1,03201608110000,5.00,21.43,97.37,21.43,76.48,1023.56,4.99,NEXTSENSE-1:0:0
A1,03201608110100,5.00,21.43,97.37,21.43,77.92,1023.03,4.99,NEXTSENSE-2:0:0
A1,03201608110200,6.00,21.43,97.37,21.43,75.57,1022.98,4.96,NEXTSENSE-3:0:0
A1,03201608110300,5.00,21.43,97.37,21.43,75.79,1022.40,4.99,NEXTSENSE-4:0:0
A1,03201608110400,5.00,21.43,97.37,82.87,76.32,1022.03,4.99,NEXTSENSE-5:0:0
A1,03201608110500,9.00,21.43,97.46,21.43,80.23,1022.03,4.99,NEXTSENSE-6:0:0
A1,03201608110600,1949.00,21.43,97.55,82.87,80.38,1021.84,4.99,NEXTSENSE-7:0:0
A1,03201608110700,22382.00,21.43,114.13,21.43,78.97,1021.84,4.99,NEXTSENSE-8:0:0
A1,03201608110800,48992.00,21.43,97.46,21.43,93.06,1021.77,4.99,NEXTSENSE-9:0:0
A1,03201608110900,65535.00,21.43,97.37,21.43,78.87,1021.85,5.00,NEXTSENSE-10:0:0
A1,03201608111000,65535.00,21.43,112.29,21.43,78.87,1021.87,5.00,NEXTSENSE-11:0:0
A1,03201608111100,65535.00,21.45,95.25,87.99,68.84,1021.53,5.00,NEXTSENSE-12:0:0
A1,03201608111500,47615.00,25.23,105.25,24.77,65.29,1020.68,5.02,NEXTSENSE-16:0:0
A1,03201608111600,18801.00,24.97,99.67,31.67,67.86,1020.70,5.02,NEXTSENSE-17:0:0
A1,03201608111700,45705.00,26.55,95.10,25.91,70.67,1020.88,5.02,NEXTSENSE-18:0:0
A1,03201608111800,17482.00,25.47,95.17,26.23,70.98,1021.22,5.02,NEXTSENSE-19:0:0
A1,03201608111900,15753.00,24.95,95.09,93.11,72.68,1021.18,5.02,NEXTSENSE-20:0:0
A1,03201608112000,4280.00,23.37,95.29,22.69,75.56,1021.69,5.02,NEXTSENSE-21:0:0
A1,03201608112100,24.00,22.57,96.08,21.43,93.06,1022.04,5.02,NEXTSENSE-22:0:0
A1,03201608112200,2.00,21.43,96.22,21.43,93.06,1022.50,5.02,NEXTSENSE-23:0:0
A1,03201608112300,2.00,21.43,96.58,82.87,93.06,1022.58,5.02,NEXTSENSE-0:0:0
A2,03201608112310,2.00,21.43,96.58,82.87,93.06,1022.58,5.02,NEXTFEED-2016-8-12@23:10:0
A1,03201608120000,2.00,21.43,96.67,21.43,93.06,1023.03,5.02,NEXTSENSE-1:0:0
A1,03201608120100,2.00,21.43,97.37,21.43,93.06,1023.27,5.02,NEXTSENSE-2:0:0
A1,03201608120200,2.00,21.43,97.37,21.43,93.06,1023.01,5.02,NEXTSENSE-3:0:0
A1,03201608120300,2.00,21.43,97.37,21.43,93.06,1022.81,5.02,NEXTSENSE-4:0:0
A1,03201608120400,1.00,21.43,97.46,21.43,93.06,1022.88,5.02,NEXTSENSE-5:0:0
A1,03201608120500,3.00,21.43,97.63,21.43,93.06,1023.03,5.03,NEXTSENSE-6:0:0
A1,03201608120600,1974.00,21.43,97.72,21.43,93.06,1023.41,5.03,NEXTSENSE-7:0:0
A1,03201608120700,6067.00,21.43,97.72,82.87,93.06,1023.58,5.02,NEXTSENSE-8:0:0
A1,03201608120800,9937.00,21.43,97.37,82.87,93.06,1023.84,5.03,NEXTSENSE-9:0:0
A1,03201608120900,45491.00,21.43,96.49,21.43,93.06,1024.00,5.03,NEXTSENSE-10:0:0
A1,03201608121000,65535.00,25.33,99.28,103.35,71.95,1024.13,5.02,NEXTSENSE-11:0:0
A1,03201608121100,65535.00,31.67,98.96,32.63,65.20,1024.02,5.02,NEXTSENSE-12:0:0
A1,03201608121200,65535.00,31.67,98.12,32.99,65.68,1023.77,5.02,NEXTSENSE-13:0:0
A1,03201608121300,65535.00,31.67,97.28,36.79,67.29,1023.23,5.02,NEXTSENSE-14:0:0
A1,03201608121400,65535.00,32.03,95.77,40.51,53.82,1022.89,5.02,NEXTSENSE-15:0:0
A1,03201608121500,65535.00,36.79,96.98,118.71,53.48,1022.69,5.02,NEXTSENSE-16:0:0
A1,03201608121600,65535.00,33.59,96.56,118.71,109.42,1022.47,5.02,NEXTSENSE-17:0:0
A1,03201608121700,14634.00,31.67,98.91,31.67,68.39,1022.23,5.02,NEXTSENSE-18:0:0
A1,03201608121800,10389.00,31.67,100.33,31.67,72.01,1021.99,5.02,NEXTSENSE-19:0:0
A1,03201608121900,29417.00,31.67,100.87,103.35,75.27,1022.06,5.02,NEXTSENSE-20:0:0
A1,03201608122000,2787.00,31.67,101.50,26.55,74.63,1022.20,5.02,NEXTSENSE-21:0:0
A1,03201608122100,8.00,26.51,95.10,23.99,74.22,1022.90,5.02,NEXTSENSE-22:0:0
A1,03201608122200,2.00,23.67,96.01,23.99,81.09,1023.18,5.02,NEXTSENSE-23:0:0
A1,03201608122300,2.00,23.49,96.67,21.43,80.54,1023.07,5.02,NEXTSENSE-0:0:0
A2,03201608122310,2.00,23.49,96.67,21.43,80.54,1023.07,5.02,NEXTFEED-2016-8-13@23:10:0
A1,03201608130000,2.00,21.93,96.53,21.43,79.08,1022.85,5.00,NEXTSENSE-1:0:0
A1,03201608130100,2.00,21.43,96.62,21.43,76.97,1022.41,5.00,NEXTSENSE-2:0:0
A1,03201608130200,2.00,21.43,96.67,21.43,77.97,1022.26,5.00,NEXTSENSE-3:0:0
A1,03201608130300,2.00,21.43,114.02,21.43,78.03,1022.10,4.97,NEXTSENSE-4:0:0
A1,03201608130400,2.00,21.43,97.37,21.43,78.87,1022.01,4.98,NEXTSENSE-5:0:0
A1,03201608130500,3.00,21.43,97.37,82.87,93.06,1022.03,4.98,NEXTSENSE-6:0:0
A1,03201608130600,1614.00,21.43,97.37,21.43,93.06,1022.22,4.98,NEXTSENSE-7:0:0
A1,03201608130700,8248.00,21.43,97.37,82.87,93.06,1022.26,5.00,NEXTSENSE-8:0:0
A1,03201608130800,17969.00,21.43,113.00,82.87,93.06,1022.52,4.98,NEXTSENSE-9:0:0
A1,03201608130900,65535.00,21.43,95.87,87.99,93.67,1022.55,4.98,NEXTSENSE-10:0:0
A1,03201608131000,55164.00,24.39,99.48,31.67,68.21,1022.79,5.01,NEXTSENSE-11:0:0
A1,03201608131100,65392.00,26.51,98.85,31.67,64.47,1022.68,5.01,NEXTSENSE-12:0:0
A1,03201608131200,62093.00,25.23,99.12,31.67,68.45,1022.96,5.01,NEXTSENSE-13:0:0
A1,03201608131300,65535.00,31.67,99.00,32.89,68.30,1022.51,5.00,NEXTSENSE-14:0:0
A1,03201608131400,35722.00,31.67,100.33,31.67,75.91,1022.35,5.00,NEXTSENSE-15:0:0
A1,03201608131500,35731.00,31.67,98.03,36.79,61.36,1021.95,5.00,NEXTSENSE-16:0:0
A1,03201608131600,65535.00,31.67,98.08,108.47,61.68,1021.93,5.00,NEXTSENSE-17:0:0
A1,03201608131700,15462.00,31.67,99.37,31.67,75.04,1021.71,5.00,NEXTSENSE-18:0:0
A1,03201608131800,10185.00,31.67,100.42,31.67,69.51,1021.78,5.00,NEXTSENSE-19:0:0
A1,03201608131900,11379.00,31.67,100.87,31.67,75.84,1021.91,5.00,NEXTSENSE-20:0:0
A1,03201608132000,472.00,25.53,99.78,24.57,68.48,1022.24,5.00,NEXTSENSE-21:0:0
A1,03201608132100,7.00,25.91,95.32,24.25,73.96,1022.76,5.01,NEXTSENSE-22:0:0
A1,03201608132200,2.00,23.83,95.39,23.67,74.05,1023.24,5.00,NEXTSENSE-23:0:0
A1,03201608132300,2.00,22.69,95.59,23.67,73.28,1023.65,5.00,NEXTSENSE-0:0:0
A2,03201608132310,2.00,22.69,95.59,23.67,73.28,1023.65,5.00,NEXTFEED-2016-8-14@23:10:0
A1,03201608140000,2.00,23.95,96.07,22.01,76.60,1024.07,5.00,NEXTSENSE-1:0:0
A1,03201608140100,2.00,22.73,96.10,21.43,79.81,1024.22,5.00,NEXTSENSE-2:0:0
A1,03201608140200,2.00,21.81,96.18,21.43,72.85,1023.97,5.00,NEXTSENSE-3:0:0
A1,03201608140300,2.00,21.43,96.40,21.43,79.71,1023.92,5.00,NEXTSENSE-4:0:0
A1,03201608140400,2.00,21.43,96.58,21.43,78.87,1023.94,5.00,NEXTSENSE-5:0:0
A1,03201608140500,3.00,21.43,97.37,21.43,78.87,1024.26,5.00,NEXTSENSE-6:0:0
A1,03201608140600,1232.00,21.43,97.37,21.43,77.50,1024.53,5.00,NEXTSENSE-7:0:0
A1,03201608140700,10037.00,21.43,97.37,82.87,79.29,1024.95,5.00,NEXTSENSE-8:0:0
A1,03201608140800,28123.00,21.43,96.22,21.43,79.03,1025.24,5.00,NEXTSENSE-9:0:0
A1,03201608140900,47609.00,22.95,95.64,87.99,73.23,1025.63,5.00,NEXTSENSE-10:0:0
A1,03201608141000,52472.00,23.35,94.29,24.23,73.82,1025.82,5.00,NEXTSENSE-11:0:0
A1,03201608141100,46203.00,25.91,99.83,31.67,117.15,1025.88,5.00,NEXTSENSE-12:0:0
A1,03201608141200,53798.00,26.53,100.05,31.67,69.27,1025.89,5.00,NEXTSENSE-13:0:0
A1,03201608141300,65535.00,26.47,99.45,31.67,67.38,1025.60,5.00,NEXTSENSE-14:0:0
A1,03201608141400,65535.00,31.67,98.86,32.45,61.44,1025.74,5.00,NEXTSENSE-15:0:0
A1,03201608141500,65535.00,31.67,98.77,32.15,66.98,1025.87,5.00,NEXTSENSE-16:0:0
A1,03201608141600,65535.00,31.67,98.31,32.89,65.43,1025.57,5.00,NEXTSENSE-17:0:0
A1,03201608141700,25132.00,31.67,99.14,31.67,69.93,1025.36,5.00,NEXTSENSE-18:0:0
A1,03201608141800,7674.00,31.67,100.87,103.35,71.66,1025.02,5.00,NEXTSENSE-19:0:0
A1,03201608141900,15264.00,31.67,101.59,31.67,71.66,1025.14,5.00,NEXTSENSE-20:0:0
A1,03201608142000,2324.00,24.75,94.65,24.95,72.63,1025.42,5.00,NEXTSENSE-21:0:0
A1,03201608142100,5.00,23.83,95.91,23.67,74.07,1025.81,4.98,NEXTSENSE-22:0:0
A1,03201608142200,3.00,23.97,96.26,21.43,74.11,1026.14,4.96,NEXTSENSE-23:0:0
A1,03201608142300,2.00,22.07,96.18,21.43,76.32,1026.31,4.97,NEXTSENSE-0:0:0
A2,03201608142310,2.00,22.07,96.18,21.43,76.32,1026.31,4.97,NEXTFEED-2016-8-15@23:10:0
A1,03201608150000,2.00,21.43,96.36,21.43,79.24,1026.47,5.00,NEXTSENSE-1:0:0
A1,03201608150100,3.00,21.43,97.37,82.87,80.33,1026.24,5.01,NEXTSENSE-2:0:0
A1,03201608150200,3.00,21.43,97.37,21.43,93.06,1026.19,5.00,NEXTSENSE-3:0:0
A1,03201608150300,3.00,21.43,97.63,21.43,93.06,1025.90,4.98,NEXTSENSE-4:0:0
A1,03201608150400,2.00,21.43,98.07,21.43,93.06,1025.70,5.00,NEXTSENSE-5:0:0
A1,03201608150500,4.00,21.43,98.20,21.43,93.06,1025.55,5.01,NEXTSENSE-6:0:0
A1,03201608150600,1501.00,21.43,98.42,21.43,93.06,1025.48,5.01,NEXTSENSE-7:0:0
A1,03201608150700,5187.00,21.43,98.42,21.43,93.06,1025.81,5.01,NEXTSENSE-8:0:0
A1,03201608150800,8287.00,21.43,98.07,21.43,93.06,1025.93,5.01,NEXTSENSE-9:0:0
A1,03201608150900,41675.00,21.43,97.37,82.87,93.06,1025.99,5.00,NEXTSENSE-10:0:0
A1,03201608151000,65535.00,23.85,99.28,31.67,117.15,1025.64,5.00,NEXTSENSE-11:0:0
A1,03201608151100,42666.00,25.53,98.49,103.35,62.15,1025.57,4.98,NEXTSENSE-12:0:0
A1,03201608151200,65535.00,31.67,99.23,32.63,60.72,1025.15,5.00,NEXTSENSE-13:0:0
A1,03201608151300,65535.00,31.67,97.47,36.79,61.36,1024.67,5.00,NEXTSENSE-14:0:0
A1,03201608151400,65535.00,33.93,96.27,123.83,38.12,1024.59,4.97,NEXTSENSE-15:0:0
A1,03201608151500,65535.00,34.07,96.30,40.93,42.99,1024.11,5.00,NEXTSENSE-16:0:0
A1,03201608151600,65535.00,34.19,96.55,113.59,43.99,1023.64,5.00,NEXTSENSE-17:0:0
A1,03201608151700,13278.00,31.67,99.05,103.35,60.58,1023.33,4.96,NEXTSENSE-18:0:0
A1,03201608151800,9651.00,31.67,100.87,31.67,67.86,1023.01,5.00,NEXTSENSE-19:0:0
A1,03201608151900,26327.00,31.67,101.05,103.35,60.58,1022.75,5.00,NEXTSENSE-20:0:0
A1,03201608152000,2242.00,24.39,94.72,23.99,67.00,1022.79,5.00,NEXTSENSE-21:0:0
A1,03201608152100,8.00,23.35,95.75,23.99,74.22,1023.14,5.00,NEXTSENSE-22:0:0
A1,03201608152200,3.00,23.35,96.56,21.43,73.73,1023.00,5.00,NEXTSENSE-23:0:0
A1,03201608152300,3.00,21.43,96.58,21.43,80.54,1022.88,5.00,NEXTSENSE-0:0:0
A2,03201608152310,3.00,21.43,96.58,21.43,80.54,1022.88,5.00,NEXTFEED-2016-8-16@23:10:0
A1,03201608160000,3.00,21.43,97.37,21.43,78.87,1022.72,5.01,NEXTSENSE-1:0:0
A1,03201608160100,3.00,21.43,97.37,21.43,75.73,1022.43,5.00,NEXTSENSE-2:0:0
A1,03201608160200,3.00,21.43,114.19,82.87,78.87,1022.16,5.00,NEXTSENSE-3:0:0
A1,03201608160300,3.00,21.43,98.07,21.43,80.17,1021.57,5.00,NEXTSENSE-4:0:0
A1,03201608160400,3.00,21.43,98.16,21.43,93.06,1021.12,5.00,NEXTSENSE-5:0:0
A1,03201608160500,3.00,21.43,98.42,21.43,93.06,1020.84,5.01,NEXTSENSE-6:0:0
A1,03201608160600,1001.00,21.43,98.59,21.43,93.06,1020.73,5.01,NEXTSENSE-7:0:0
A1,03201608160700,9867.00,21.43,98.24,82.87,93.06,1020.66,5.00,NEXTSENSE-8:0:0
A1,03201608160800,22430.00,21.43,97.72,21.43,93.06,1020.44,5.00,NEXTSENSE-9:0:0
A1,03201608160900,43788.00,21.43,96.22,21.91,77.79,1020.33,5.00,NEXTSENSE-10:0:0
A1,03201608161000,65535.00,22.85,99.13,31.67,71.61,1020.38,5.00,NEXTSENSE-11:0:0
A1,03201608161100,42093.00,26.41,98.73,31.67,60.58,1020.30,4.99,NEXTSENSE-12:0:0
A1,03201608161200,65535.00,31.67,100.96,31.67,66.43,1019.56,5.07,NEXTSENSE-13:0:0
A1,03201608161300,65535.00,32.83,96.23,39.35,43.72,1019.12,5.10,NEXTSENSE-14:0:0
A1,03201608161400,65535.00,33.67,96.21,39.55,53.50,1018.91,5.10,NEXTSENSE-15:0:0
A1,03201608161500,65535.00,34.23,96.33,36.79,53.14,1018.74,5.10,NEXTSENSE-16:0:0
A1,03201608161600,65535.00,31.67,95.68,108.47,52.71,1018.39,5.10,NEXTSENSE-17:0:0
A1,03201608161700,65535.00,31.67,95.67,31.67,60.58,1018.03,5.08,NEXTSENSE-18:0:0
A1,03201608161800,65535.00,31.67,95.67,31.67,60.58,1017.76,5.08,NEXTSENSE-19:0:0
A1,03201608161900,65535.00,26.39,94.32,31.67,60.58,1017.50,5.08,NEXTSENSE-20:0:0
A1,03201608162000,12726.00,23.73,93.67,23.99,67.00,1017.43,5.07,NEXTSENSE-21:0:0
A1,03201608162100,15.00,22.63,93.37,21.43,66.55,1017.35,5.07,NEXTSENSE-22:0:0
A1,03201608162200,9.00,21.43,93.70,21.43,73.73,1017.48,5.07,NEXTSENSE-23:0:0
A1,03201608162300,8.00,21.43,95.24,82.87,76.75,1017.27,5.07,NEXTSENSE-0:0:0
A2,03201608162310,8.00,21.43,95.24,82.87,76.75,1017.27,5.07,NEXTFEED-2016-8-17@23:10:0
A1,03201608170000,8.00,21.43,95.91,82.87,79.71,1017.24,5.06,NEXTSENSE-1:0:0
A1,03201608170100,8.00,21.43,96.49,21.43,80.43,1016.84,5.06,NEXTSENSE-2:0:0
A1,03201608170200,8.00,21.43,97.37,21.43,76.75,1016.38,5.06,NEXTSENSE-3:0:0
A1,03201608170300,8.00,21.43,97.59,82.87,77.71,1015.90,5.06,NEXTSENSE-4:0:0
A1,03201608170400,8.00,21.43,98.07,21.43,79.81,1015.40,5.06,NEXTSENSE-5:0:0
A1,03201608170500,11.00,21.43,98.46,21.43,93.06,1014.98,5.06,NEXTSENSE-6:0:0
A1,03201608170600,5878.00,21.43,98.59,21.43,93.06,1014.55,5.06,NEXTSENSE-7:0:0
A1,03201608170700,37590.00,21.43,98.07,21.43,93.06,1014.46,5.06,NEXTSENSE-8:0:0
A1,03201608170800,61255.00,21.43,97.46,82.87,93.06,1014.35,5.06,NEXTSENSE-9:0:0
A1,03201608170900,65535.00,21.43,112.40,21.43,93.06,1014.20,5.06,NEXTSENSE-10:0:0
A1,03201608171000,65535.00,25.91,99.65,31.67,66.48,1014.43,5.06,NEXTSENSE-11:0:0
A1,03201608171100,65535.00,31.67,97.94,108.47,60.92,1014.23,5.06,NEXTSENSE-12:0:0
A1,03201608171200,65535.00,31.67,97.19,36.79,61.36,1013.88,5.06,NEXTSENSE-13:0:0
A1,03201608171300,65535.00,33.73,96.32,39.35,61.75,1013.27,5.06,NEXTSENSE-14:0:0
A1,03201608171400,65535.00,36.79,96.98,41.95,41.56,1012.99,5.06,NEXTSENSE-15:0:0
A1,03201608171500,65535.00,36.79,96.98,123.83,39.39,1012.54,5.06,NEXTSENSE-16:0:0
A1,03201608171600,65535.00,36.79,96.98,39.35,53.48,1012.13,5.06,NEXTSENSE-17:0:0
A1,03201608171700,60707.00,31.67,95.96,32.07,60.65,1011.95,5.06,NEXTSENSE-18:0:0
A1,03201608171800,39647.00,31.67,97.94,31.67,66.43,1011.77,5.06,NEXTSENSE-19:0:0
A1,03201608171900,65535.00,31.67,97.94,31.67,61.38,1011.65,5.06,NEXTSENSE-20:0:0
A1,03201608172000,3181.00,25.91,98.59,26.55,67.44,1011.96,5.06,NEXTSENSE-21:0:0
A1,03201608172100,11.00,24.47,99.28,23.99,74.22,1012.16,5.06,NEXTSENSE-22:0:0
A1,03201608172200,8.00,23.99,93.76,23.99,74.22,1012.04,5.06,NEXTSENSE-23:0:0
A1,03201608172300,8.00,22.39,94.63,21.43,80.54,1012.05,5.06,NEXTSENSE-0:0:0
A2,03201608172310,8.00,22.39,94.63,21.43,80.54,1012.05,5.06,NEXTFEED-2016-8-18@23:10:0
A1,03201608180000,8.00,21.43,94.88,21.43,80.54,1011.71,5.07,NEXTSENSE-1:0:0
A1,03201608180100,8.00,21.43,95.60,21.43,76.97,1011.04,5.07,NEXTSENSE-2:0:0
A1,03201608180200,8.00,21.43,96.00,21.43,79.71,1010.50,5.07,NEXTSENSE-3:0:0
A1,03201608180300,8.00,21.43,96.31,21.43,93.06,1010.27,5.07,NEXTSENSE-4:0:0
A1,03201608180400,8.00,21.43,96.22,21.43,93.06,1010.76,5.07,NEXTSENSE-5:0:0
A1,03201608180500,11.00,21.43,96.18,82.87,93.06,1010.62,5.07,NEXTSENSE-6:0:0
A1,03201608180600,3083.00,21.43,96.18,82.87,93.06,1010.25,5.07,NEXTSENSE-7:0:0
A1,03201608180700,27351.00,21.43,96.18,21.43,93.06,1009.94,5.07,NEXTSENSE-8:0:0
A1,03201608180800,63162.00,21.43,95.60,82.87,93.06,1010.05,5.07,NEXTSENSE-9:0:0
A1,03201608180900,65535.00,21.73,94.85,23.91,74.91,1010.11,5.07,NEXTSENSE-10:0:0
A1,03201608181000,65535.00,26.49,97.56,31.67,117.15,1010.28,5.07,NEXTSENSE-11:0:0
A1,03201608181100,65535.00,31.67,96.15,32.71,60.75,1010.51,5.07,NEXTSENSE-12:0:0
A1,03201608181200,65535.00,31.67,96.81,31.67,64.32,1010.22,5.07,NEXTSENSE-13:0:0
A1,03201608181300,65535.00,31.67,95.67,31.67,107.14,1010.16,5.07,NEXTSENSE-14:0:0
A1,03201608181400,65535.00,31.67,95.67,108.47,43.71,1010.27,5.07,NEXTSENSE-15:0:0
A1,03201608181500,65535.00,31.67,95.67,103.35,95.67,1010.12,5.07,NEXTSENSE-16:0:0
A1,03201608181600,65535.00,31.67,96.24,31.67,60.58,1009.88,5.07,NEXTSENSE-17:0:0
A1,03201608181700,65535.00,31.67,96.24,31.67,107.14,1009.92,5.07,NEXTSENSE-18:0:0
A1,03201608181800,65535.00,26.47,95.53,103.35,52.46,1010.24,5.07,NEXTSENSE-19:0:0
A1,03201608181900,57358.00,25.91,94.95,31.67,52.46,1010.28,5.07,NEXTSENSE-20:0:0
A1,03201608182000,5603.00,24.73,96.63,23.67,59.35,1010.34,5.07,NEXTSENSE-21:0:0
A1,03201608182100,8.00,21.99,97.59,22.95,73.50,1010.61,5.07,NEXTSENSE-22:0:0
A1,03201608182200,6.00,22.57,98.90,21.43,72.19,1010.71,5.07,NEXTSENSE-23:0:0
A1,03201608182300,7.00,21.43,93.79,82.87,75.03,1010.51,5.07,NEXTSENSE-0:0:0
A2,03201608182310,7.00,21.43,93.79,82.87,75.03,1010.51,5.07,NEXTFEED-2016-8-19@23:10:0
A1,03201608190000,8.00,21.43,93.97,21.43,75.03,1010.75,5.07,NEXTSENSE-1:0:0
A1,03201608190100,8.00,21.43,94.34,82.87,78.87,1010.25,5.07,NEXTSENSE-2:0:0
A1,03201608190200,8.00,21.43,94.88,21.43,80.54,1009.87,5.07,NEXTSENSE-3:0:0
A1,03201608190300,9.00,21.43,94.79,21.43,78.87,1009.35,5.07,NEXTSENSE-4:0:0
A1,03201608190400,8.00,21.43,94.88,21.43,93.06,1008.67,5.07,NEXTSENSE-5:0:0
A1,03201608190500,9.00,21.43,95.24,82.87,79.71,1007.98,5.07,NEXTSENSE-6:0:0
A1,03201608190600,4045.00,21.43,95.24,82.87,93.06,1007.91,5.07,NEXTSENSE-7:0:0
A1,03201608190700,23969.00,21.43,95.24,21.43,93.06,1007.68,5.07,NEXTSENSE-8:0:0
A1,03201608190800,50591.00,21.43,94.79,21.43,77.18,1007.40,5.07,NEXTSENSE-9:0:0
A1,03201608190900,65535.00,21.43,94.61,21.43,78.87,1007.09,5.07,NEXTSENSE-10:0:0
A1,03201608191000,55217.00,21.43,93.97,22.59,79.96,1006.87,5.07,NEXTSENSE-11:0:0
A1,03201608191100,65535.00,22.87,99.16,21.81,74.67,1006.70,5.07,NEXTSENSE-12:0:0
A1,03201608191200,65535.00,23.49,99.31,22.39,75.94,1006.25,5.07,NEXTSENSE-13:0:0
A1,03201608191300,65535.00,22.01,93.75,22.13,76.87,1005.76,5.07,NEXTSENSE-14:0:0
A1,03201608191400,54530.00,22.39,93.76,23.35,75.89,1005.74,5.07,NEXTSENSE-15:0:0
A1,03201608191500,65535.00,22.55,98.39,24.61,67.93,1005.38,5.07,NEXTSENSE-16:0:0
A1,03201608191600,65535.00,22.89,98.10,23.35,65.68,1005.55,5.07,NEXTSENSE-17:0:0
A1,03201608191700,65535.00,21.43,98.72,21.43,75.30,1005.18,5.07,NEXTSENSE-18:0:0
A1,03201608191800,65535.00,21.43,93.79,21.43,79.71,1004.85,5.07,NEXTSENSE-19:0:0
A1,03201608191900,65535.00,21.43,93.61,21.63,78.08,1004.84,5.07,NEXTSENSE-20:0:0
A1,03201608192000,4845.00,21.43,93.79,21.43,79.24,1005.07,5.07,NEXTSENSE-21:0:0
A1,03201608192100,8.00,21.43,94.61,21.43,80.38,1005.63,5.07,NEXTSENSE-22:0:0
A1,03201608192200,6.00,21.43,94.79,21.43,78.87,1005.74,5.07,NEXTSENSE-23:0:0
A1,03201608192300,6.00,21.43,95.24,21.43,93.06,1005.94,5.07,NEXTSENSE-0:0:0
A2,03201608192310,6.00,21.43,95.24,21.43,93.06,1005.94,5.07,NEXTFEED-2016-8-20@23:10:0
A1,03201608200000,6.00,21.43,95.24,21.43,78.87,1005.88,5.07,NEXTSENSE-1:0:0
A1,03201608200100,6.00,21.43,95.42,82.87,77.81,1005.88,5.07,NEXTSENSE-2:0:0
A1,03201608200200,6.00,21.43,95.69,21.43,93.06,1005.74,5.07,NEXTSENSE-3:0:0
A1,03201608200300,6.00,21.43,95.64,21.43,79.71,1005.59,5.07,NEXTSENSE-4:0:0
A1,03201608200400,7.00,21.43,95.78,82.87,77.39,1005.58,5.07,NEXTSENSE-5:0:0
A1,03201608200500,7.00,21.43,95.60,21.43,79.29,1005.47,5.07,NEXTSENSE-6:0:0
A1,03201608200600,3864.00,21.43,95.69,21.43,78.03,1005.28,5.07,NEXTSENSE-7:0:0
A1,03201608200700,25366.00,21.43,95.87,21.43,93.06,1005.39,5.07,NEXTSENSE-8:0:0
A1,03201608200800,65535.00,21.43,95.60,21.43,76.43,1005.46,5.07,NEXTSENSE-9:0:0
A1,03201608200900,65535.00,21.43,94.43,21.43,68.27,1005.54,5.07,NEXTSENSE-10:0:0
A1,03201608201000,35547.00,21.43,93.70,21.43,72.08,1006.27,5.07,NEXTSENSE-11:0:0
A1,03201608201100,65535.00,21.43,93.88,23.35,70.09,1006.30,5.07,NEXTSENSE-12:0:0
A1,03201608201200,65535.00,22.57,97.70,26.43,115.39,1006.45,5.07,NEXTSENSE-13:0:0
A1,03201608201300,65535.00,25.19,95.80,26.29,105.58,1006.19,5.07,NEXTSENSE-14:0:0
A1,03201608201400,65535.00,24.69,93.90,103.35,95.67,1006.33,5.07,NEXTSENSE-15:0:0
A1,03201608201500,65535.00,24.77,93.91,103.35,95.67,1006.69,5.07,NEXTSENSE-16:0:0
A1,03201608201600,65535.00,22.39,93.31,22.65,59.20,1006.58,5.07,NEXTSENSE-17:0:0
A1,03201608201700,65535.00,22.07,95.48,22.67,114.11,1006.87,5.07,NEXTSENSE-18:0:0
A1,03201608201800,65535.00,23.97,96.70,22.13,113.91,1007.00,5.07,NEXTSENSE-19:0:0
A1,03201608201900,27247.00,21.61,97.44,82.87,67.07,1007.48,5.07,NEXTSENSE-20:0:0
A1,03201608202000,865.00,21.43,98.68,21.43,79.18,1007.91,5.07,NEXTSENSE-21:0:0
A1,03201608202100,10.00,21.43,93.70,21.43,76.32,1008.50,5.07,NEXTSENSE-22:0:0
A1,03201608202200,7.00,21.43,94.15,21.43,77.60,1008.47,5.07,NEXTSENSE-23:0:0
A1,03201608202300,7.00,21.43,94.43,21.43,76.32,1008.60,5.07,NEXTSENSE-0:0:0
A2,03201608202310,7.00,21.43,94.43,21.43,76.32,1008.60,5.07,NEXTFEED-2016-8-21@23:10:0
A1,03201608210000,8.00,21.43,94.43,21.43,80.54,1008.97,5.06,NEXTSENSE-1:0:0
A1,03201608210100,8.00,21.43,94.43,21.43,78.87,1009.25,5.06,NEXTSENSE-2:0:0
A1,03201608210200,9.00,21.43,94.43,21.43,78.87,1009.53,5.06,NEXTSENSE-3:0:0
A1,03201608210300,8.00,21.43,94.43,21.43,73.84,1010.11,5.06,NEXTSENSE-4:0:0
A1,03201608210400,7.00,21.43,94.79,21.43,77.60,1010.30,5.06,NEXTSENSE-5:0:0
A1,03201608210500,8.00,21.43,94.79,82.87,74.00,1011.10,5.06,NEXTSENSE-6:0:0
A1,03201608210600,2366.00,21.43,94.88,21.43,76.97,1011.65,5.06,NEXTSENSE-7:0:0
A1,03201608210700,11543.00,21.43,95.24,21.43,77.50,1012.51,5.06,NEXTSENSE-8:0:0
A1,03201608210800,65535.00,21.43,94.61,21.43,76.32,1013.16,5.06,NEXTSENSE-9:0:0
A1,03201608210900,65535.00,21.43,93.61,22.55,69.71,1014.14,5.06,NEXTSENSE-10:0:0
A1,03201608211000,65535.00,22.09,98.75,22.21,113.95,1014.93,5.06,NEXTSENSE-11:0:0
A1,03201608211100,65535.00,22.15,98.33,25.29,65.60,1015.64,5.06,NEXTSENSE-12:0:0
A1,03201608211200,65535.00,22.39,115.41,24.47,62.36,1016.45,5.06,NEXTSENSE-13:0:0
A1,03201608211300,65535.00,24.95,96.17,31.67,61.36,1017.09,5.06,NEXTSENSE-14:0:0
A1,03201608211400,65535.00,31.67,95.67,31.67,60.58,1017.45,5.06,NEXTSENSE-15:0:0
A1,03201608211500,65535.00,31.67,95.67,31.67,61.36,1018.26,5.06,NEXTSENSE-16:0:0
A1,03201608211600,65535.00,31.67,95.67,103.35,60.58,1018.84,5.06,NEXTSENSE-17:0:0
A1,03201608211700,44521.00,31.67,95.67,31.67,52.46,1018.96,5.06,NEXTSENSE-18:0:0
A1,03201608211800,43551.00,26.23,95.12,26.27,115.31,1019.54,5.06,NEXTSENSE-19:0:0
A1,03201608211900,19975.00,23.35,94.93,22.65,66.65,1020.21,5.06,NEXTSENSE-20:0:0
A1,03201608212000,1611.00,22.55,97.68,87.99,72.89,1020.13,5.06,NEXTSENSE-21:0:0
A1,03201608212100,8.00,21.43,98.07,21.43,78.87,1020.34,5.06,NEXTSENSE-22:0:0
A1,03201608212200,8.00,21.43,98.24,21.43,75.68,1020.24,5.06,NEXTSENSE-23:0:0
A1,03201608212300,8.00,21.43,98.42,21.43,80.43,1020.38,5.06,NEXTSENSE-0:0:0
A2,03201608212310,8.00,21.43,98.42,21.43,80.43,1020.38,5.06,NEXTFEED-2016-8-22@23:10:0
A1,03201608220000,7.00,21.43,98.51,82.87,74.65,1020.30,5.07,NEXTSENSE-1:0:0
A1,03201608220100,8.00,21.43,98.76,82.87,79.71,1020.50,5.07,NEXTSENSE-2:0:0
A1,03201608220200,7.00,21.43,98.76,82.87,79.71,1020.43,5.07,NEXTSENSE-3:0:0
A1,03201608220300,8.00,21.43,93.38,21.43,93.06,1020.71,5.07,NEXTSENSE-4:0:0
A1,03201608220400,7.00,21.43,93.61,21.43,80.17,1020.96,5.07,NEXTSENSE-5:0:0
A1,03201608220500,6.00,21.43,93.70,21.43,80.12,1020.66,5.07,NEXTSENSE-6:0:0
A1,03201608220600,855.00,21.43,94.15,21.43,93.06,1021.05,5.07,NEXTSENSE-7:0:0
A1,03201608220700,21306.00,21.43,94.15,21.43,93.06,1021.90,5.07,NEXTSENSE-8:0:0
A1,03201608220800,37713.00,21.43,93.97,21.43,93.06,1022.48,5.07,NEXTSENSE-9:0:0
A1,03201608220900,65535.00,21.43,93.42,87.99,74.68,1022.74,5.07,NEXTSENSE-10:0:0
A1,03201608221000,65535.00,23.67,98.68,23.43,73.75,1023.02,5.07,NEXTSENSE-11:0:0
A1,03201608221100,65535.00,26.41,94.98,31.67,60.58,1022.93,5.07,NEXTSENSE-12:0:0
A1,03201608221200,65535.00,31.67,95.67,103.35,62.15,1023.21,5.07,NEXTSENSE-13:0:0
A1,03201608221300,65535.00,31.67,95.67,103.35,66.43,1023.19,5.07,NEXTSENSE-14:0:0
A1,03201608221400,65535.00,31.67,95.67,31.85,63.67,1023.37,5.07,NEXTSENSE-15:0:0
A1,03201608221500,65535.00,32.15,95.80,36.79,61.36,1023.35,5.07,NEXTSENSE-16:0:0
A1,03201608221600,65535.00,31.67,95.67,108.47,60.72,1023.51,5.07,NEXTSENSE-17:0:0
A1,03201608221700,65535.00,31.67,95.67,103.35,60.76,1023.71,5.07,NEXTSENSE-18:0:0
A1,03201608221800,65535.00,31.67,95.67,31.67,107.14,1024.08,5.07,NEXTSENSE-19:0:0
A1,03201608221900,20711.00,31.67,95.67,31.67,117.15,1024.29,5.07,NEXTSENSE-20:0:0
A1,03201608222000,2306.00,26.43,94.59,25.91,70.10,1024.30,5.07,NEXTSENSE-21:0:0
A1,03201608222100,6.00,23.45,95.79,22.57,68.95,1024.64,5.07,NEXTSENSE-22:0:0
A1,03201608222200,5.00,23.95,96.83,22.91,71.13,1024.71,5.07,NEXTSENSE-23:0:0
A1,03201608222300,5.00,22.11,97.60,82.87,77.66,1024.79,5.07,NEXTSENSE-0:0:0
A2,03201608222310,5.00,22.11,97.60,82.87,77.66,1024.79,5.07,NEXTFEED-2016-8-23@23:10:0
A1,03201608230000,6.00,21.43,97.59,21.43,76.97,1024.88,5.06,NEXTSENSE-1:0:0
A1,03201608230100,5.00,21.43,98.07,21.43,74.16,1024.96,5.06,NEXTSENSE-2:0:0
A1,03201608230200,5.00,21.43,98.51,21.43,78.87,1024.75,5.06,NEXTSENSE-3:0:0
A1,03201608230300,5.00,21.43,98.68,21.43,79.71,1024.63,5.06,NEXTSENSE-4:0:0
A1,03201608230400,5.00,21.43,93.61,21.43,93.06,1024.31,5.06,NEXTSENSE-5:0:0
A1,03201608230500,6.00,21.43,93.88,21.43,93.06,1024.26,5.06,NEXTSENSE-6:0:0
A1,03201608230600,2367.00,21.43,94.25,21.43,93.06,1024.45,5.06,NEXTSENSE-7:0:0
A1,03201608230700,12336.00,21.43,94.43,21.43,93.06,1024.64,5.06,NEXTSENSE-8:0:0
A1,03201608230800,20024.00,21.43,93.97,21.43,93.06,1024.62,5.06,NEXTSENSE-9:0:0
A1,03201608230900,65535.00,21.43,93.61,21.43,78.87,1024.57,5.06,NEXTSENSE-10:0:0
A1,03201608231000,65535.00,25.47,95.82,103.35,60.58,1024.34,5.06,NEXTSENSE-11:0:0
A1,03201608231100,65535.00,31.67,95.67,36.79,53.14,1023.65,5.06,NEXTSENSE-12:0:0
