03201607072310,032016070700,0.00,26.41,38.63,23.41,51.36,1019.87,5.02,1,1,1,0.1
03201607072311,032016070701,8368.00,24.17,39.09,23.49,51.37,1019.34,5.02,1,1,1,0.1
03201607072311,032016070702,8543.00,26.55,39.92,22.99,51.31,1019.33,5.02,1,1,1,0.1
03201607072311,032016070703,8194.00,26.55,37.72,23.67,51.39,1018.58,5.02,1,1,1,0.1
03201607072312,032016070704,8276.00,26.25,38.48,23.67,51.39,1018.79,5.01,1,1,1,0.1
03201607072312,032016070705,8293.00,26.23,37.18,23.67,51.40,1018.58,5.00,1,1,1,0.1
03201607072313,032016070706,8489.00,25.91,35.04,22.41,51.23,1018.95,4.98,1,1,1,0.1
03201607072313,032016070707,8644.00,26.55,41.02,23.67,40.93,1018.93,4.99,1,1,1,0.1
03201607072313,032016070708,9356.00,26.55,42.35,23.35,41.97,1019.02,5.01,1,1,1,0.1
03201607072314,032016070709,9770.00,26.47,38.78,23.35,37.92,1018.76,5.02,1,1,1,0.1
03201607072314,032016070710,9965.00,26.55,39.63,23.83,38.65,1018.46,5.02,1,1,1,0.1
03201607072314,032016070711,10605.00,26.55,36.92,24.47,35.84,1018.13,5.02,1,1,1,0.1
03201607072315,032016070712,10940.00,26.55,37.97,25.15,37.83,1017.73,5.02,1,1,1,0.1
03201607072315,032016070713,12033.00,26.55,43.32,25.93,43.25,1017.21,5.02,1,1,1,0.1
03201607072315,032016070714,15082.00,31.67,40.55,24.73,40.21,1016.85,5.02,1,1,1,0.1
03201607072316,032016070715,15831.00,31.67,39.66,25.91,40.00,1016.49,5.02,1,1,1,0.1
03201607072316,032016070716,17359.00,31.67,37.22,31.67,36.80,1016.00,5.02,1,1,1,0.1
03201607072317,032016070717,3605.00,25.91,37.90,25.37,40.62,1015.75,5.01,1,1,1,0.1
03201607072317,032016070718,1893.00,31.67,38.48,24.23,51.71,1015.50,5.06,1,1,1,0.1
03201607072317,032016070719,544.00,26.55,42.28,26.07,51.71,1015.49,5.06,1,1,1,0.1
03201607072318,032016070720,520.00,25.23,51.61,26.07,51.71,1015.03,5.06,1,1,1,0.1
03201607072318,032016070721,83.00,24.49,51.51,26.07,59.72,1015.24,5.06,1,1,1,1
03201607072318,032016070722,36.00,26.05,51.73,23.67,59.40,1015.35,5.06,1,1,1,0.1
03201607072319,032016070723,1045.00,26.55,51.62,23.67,59.40,1015.48,5.06,1,1,1,0.1
03201607082310,032016070800,46.00,26.55,51.51,23.99,59.40,1014.99,5.06,1,1,1,1
03201607082310,032016070801,23.00,23.87,59.39,23.99,59.40,1014.64,5.06,1,1,1,0.1
03201607082311,032016070802,46.00,23.99,59.35,23.67,59.40,1014.12,5.06,1,1,1,0.1
03201607082311,032016070803,38.00,23.99,59.16,23.67,59.35,1013.83,5.06,1,1,1,0.1
03201607082312,032016070804,46.00,21.91,59.08,21.43,59.01,1013.06,5.06,1,1,1,0.1
03201607082312,032016070805,53.00,23.99,59.39,21.43,59.49,1012.53,5.06,1,1,1,0.1
03201607082312,032016070806,171.00,23.99,59.24,21.43,65.74,1012.31,5.06,1,1,1,0.1
03201607082313,032016070807,288.00,21.69,59.05,21.43,62.88,1012.62,5.05,1,1,1,0.1
03201607082313,032016070808,776.00,23.99,59.08,21.49,64.72,1012.52,5.06,1,1,1,0.1
03201607082313,032016070809,1805.00,22.41,59.17,22.21,62.48,1012.78,5.06,1,1,1,1
03201607082314,032016070810,4607.00,21.99,60.29,23.99,67.00,1012.92,5.04,1,1,1,0.1
03201607082314,032016070811,2803.00,23.99,59.22,23.67,61.26,1013.12,5.05,1,1,1,0.1
03201607082314,032016070812,6124.00,23.99,59.36,23.67,61.16,1013.16,5.06,1,1,1,1
03201607082315,032016070813,10617.00,25.29,59.60,22.45,59.16,1013.16,5.06,1,1,1,0.1
03201607082315,032016070814,11038.00,26.55,51.77,23.67,59.35,1013.21,5.05,1,1,1,0.1
03201607082315,032016070815,6899.00,26.55,51.60,24.71,51.53,1013.45,5.06,1,1,1,0.1
03201607082316,032016070816,7411.00,26.55,51.57,24.95,51.56,1013.75,5.05,1,1,1,0.1
03201607082316,032016070817,8265.00,23.83,51.41,24.17,51.47,1014.13,5.04,1,1,1,0.1
03201607082317,032016070818,65535.00,31.67,39.52,24.73,51.54,1014.65,5.05,1,1,1,0.1
03201607082317,032016070819,5257.00,31.67,38.48,25.21,51.60,1015.31,5.06,1,1,1,0.1
03201607082317,032016070820,1122.00,31.67,42.06,26.51,51.77,1015.62,5.05,1,1,1,1
03201607082318,032016070821,221.00,26.55,51.62,25.03,51.58,1016.31,5.05,1,1,1,0.1
03201607082318,032016070822,4.00,26.55,51.50,24.17,51.47,1016.81,5.05,1,1,1,0.1
03201607082318,032016070823,12.00,26.55,51.69,23.35,51.35,1017.05,5.05,1,1,1,0.1
03201607092310,032016070900,26.00,26.55,51.60,22.71,51.27,1017.62,5.02,1,1,1,1
03201607092311,032016070901,33.00,24.99,51.57,22.39,51.23,1017.95,5.02,1,1,1,0.1
03201607092311,032016070902,3.00,26.55,51.53,22.15,51.20,1017.88,5.02,1,1,1,0.1
03201607092311,032016070903,23.00,26.55,51.56,22.23,51.22,1017.41,5.02,1,1,1,0.1
03201607092312,032016070904,16.00,26.55,51.52,22.03,51.18,1017.10,5.02,1,1,1,0.1
03201607092312,032016070905,73.00,26.55,51.50,21.93,51.17,1017.06,5.02,1,1,1,0.1
03201607092312,032016070906,517.00,26.55,51.50,21.91,51.16,1016.80,5.02,1,1,1,0.1
03201607092313,032016070907,2149.00,26.55,51.51,21.99,59.10,1016.62,5.02,1,1,1,0.1
03201607092313,032016070908,1889.00,25.11,51.58,22.47,59.18,1016.59,5.02,1,1,1,0.1
03201607092313,032016070909,3989.00,25.45,51.63,22.77,59.22,1016.33,5.00,1,1,1,0.1
03201607092314,032016070910,3566.00,26.01,51.71,23.35,59.30,1016.21,5.02,1,1,1,1
03201607092314,032016070911,3459.00,26.53,51.78,23.83,59.37,1015.57,5.00,1,1,1,0.1
03201607092315,032016070912,7416.00,26.55,51.59,24.75,59.52,1015.40,5.02,1,1,1,1
03201607092315,032016070913,3653.00,26.01,51.71,25.91,59.69,1015.19,4.99,1,1,1,0.1
03201607092315,032016070914,7139.00,26.27,51.75,26.23,59.74,1014.99,5.02,1,1,1,0.1
03201607092316,032016070915,8319.00,26.55,52.46,26.43,59.78,1014.96,5.02,1,1,1,0.1
03201607092316,032016070916,7918.00,31.67,52.46,24.65,51.53,1014.58,5.02,1,1,1,0.1
03201607092316,032016070917,3826.00,31.67,52.46,24.11,51.46,1013.57,5.02,1,1,1,0.1
03201607092317,032016070918,3561.00,26.55,51.77,26.39,59.77,1013.63,5.02,1,1,1,0.1
03201607092317,032016070919,1546.00,25.97,51.71,25.91,59.69,1013.10,5.02,1,1,1,0.1
03201607092317,032016070920,638.00,26.55,51.64,25.39,59.62,1012.49,5.02,1,1,1,0.1
03201607092318,032016070921,414.00,26.55,51.56,25.11,59.57,1012.31,5.02,1,1,1,0.1
03201607092318,032016070922,38.00,24.23,59.44,24.35,59.46,1012.18,5.02,1,1,1,0.1
03201607092319,032016070923,3.00,26.55,59.74,23.83,59.38,1012.11,5.02,1,1,1,0.1
03201607102310,032016071000,18.00,26.55,51.64,23.35,59.30,1011.80,5.04,1,1,1,0.1
03201607102311,032016071001,1.00,26.55,59.55,22.47,59.18,1011.00,5.04,1,1,1,0.1
03201607102311,032016071002,3.00,26.55,59.52,22.15,59.13,1010.10,5.04,1,1,1,0.1
03201607102311,032016071003,34.00,26.55,59.47,21.91,59.09,1009.45,5.04,1,1,1,0.1
03201607102312,032016071004,28.00,24.47,59.47,21.91,59.08,1008.74,5.04,1,1,1,0.1
03201607102312,032016071005,66.00,24.25,59.45,21.75,61.94,1008.01,5.04,1,1,1,0.1
03201607102313,032016071006,462.00,26.55,59.45,21.71,61.93,1008.01,5.04,1,1,1,0.1
03201607102313,032016071007,1063.00,26.55,59.48,21.91,62.84,1007.85,5.04,1,1,1,0.1
03201607102313,032016071008,1597.00,26.55,59.47,21.99,65.07,1007.62,5.04,1,1,1,0.1
03201607102314,032016071009,1929.00,26.55,59.50,22.11,64.82,1007.50,5.04,1,1,1,0.1
03201607102314,032016071010,1728.00,24.95,59.55,22.19,59.54,1007.31,5.04,1,1,1,0.1
03201607102314,032016071011,2428.00,26.55,59.57,22.21,62.01,1006.76,5.04,1,1,1,0.1
03201607102315,032016071012,2782.00,26.55,59.60,22.55,62.18,1006.50,5.04,1,1,1,0.1
03201607102315,032016071013,2640.00,26.55,59.63,22.75,60.66,1006.21,5.04,1,1,1,0.1
03201607102315,032016071014,4416.00,26.55,59.74,23.35,65.03,1006.03,5.04,1,1,1,0.1
03201607102316,032016071015,28514.00,26.55,51.53,24.47,60.58,1005.53,5.04,1,1,1,0.1
03201607102316,032016071016,25278.00,31.67,43.70,25.41,51.63,1005.22,5.04,1,1,1,0.1
03201607102317,032016071017,65535.00,31.67,42.88,31.67,52.46,1004.80,5.05,1,1,1,0.1
03201607102317,032016071018,31786.00,31.67,42.88,31.67,43.99,1004.85,5.05,1,1,1,0.1
03201607102317,032016071019,5190.00,31.67,43.43,31.67,44.01,1004.69,5.04,1,1,1,0.1
03201607102318,032016071020,1910.00,31.67,41.79,24.99,51.57,1004.83,5.04,1,1,1,0.1
03201607102318,032016071021,354.00,25.11,51.60,25.35,51.62,1004.71,5.04,1,1,1,0.1
03201607102318,032016071022,36.00,26.55,51.75,23.91,51.43,1004.94,5.04,1,1,1,0.1
03201607102319,032016071023,1.00,26.55,51.58,22.71,59.21,1005.03,5.04,1,1,1,0.1
03201607142310,,,,,,,,,1,1,1,
03201607142310,,,,,,,,,1,1,1,
03201607142310,,,,,,,,,1,1,1,
03201607142310,,,,,,,,,1,1,1,
03201607142310,,,,,,,,,1,1,1,
03201607142310,,,,,,,,,1,1,1,
03201607142310,,,,,,,,,1,1,1,
03201607142310,,,,,,,,,1,1,1,
03201607142310,,,,,,,,,1,1,1,
03201607142310,,,,,,,,,1,1,1,
03201607142310,,,,,,,,,1,1,1,
03201607142310,,,,,,,,,1,1,1,
03201607142310,032016071412,1732.00,26.51,51.78,26.47,51.45,1022.13,5.02,1,1,1,1
03201607142311,032016071413,2.00,24.61,41.03,24.29,51.48,1022.28,5.02,1,1,1,0.1
03201607142311,032016071414,9047.00,25.01,32.27,24.17,40.98,1023.50,5.02,1,1,1,0.1
03201607142312,032016071415,15301.00,26.55,35.70,22.47,35.23,1023.45,5.02,1,1,1,0.1
03201607142312,032016071416,254.00,26.55,32.35,24.15,40.99,1023.69,5.02,1,1,1,0.1
03201607142312,032016071417,65535.00,25.45,61.75,24.71,97.08,1023.25,5.02,1,1,1,0.1
03201607142313,032016071418,65535.00,23.99,65.12,23.73,94.92,1023.22,5.02,1,1,1,0.1
03201607142313,032016071419,65535.00,26.23,66.58,24.73,96.47,1023.44,5.02,1,1,1,0.1
03201607142313,032016071420,39085.00,23.67,73.39,24.25,96.16,1023.49,5.02,1,1,1,0.1
03201607142314,032016071421,9480.00,21.43,70.35,21.73,98.27,1023.77,5.02,1,1,1,1
03201607142314,032016071422,23.00,21.43,75.03,21.43,104.11,1024.35,5.02,1,1,1,0.1
03201607142314,032016071423,12.00,21.43,76.32,21.43,104.11,1024.53,5.02,1,1,1,0.1
03201607152310,032016071500,12.00,21.43,93.06,21.43,104.11,1024.64,5.00,1,1,1,0.1
03201607152311,032016071501,12.00,21.43,93.06,21.43,104.11,1024.74,5.00,1,1,1,0.1
03201607152311,032016071502,12.00,21.43,93.06,21.43,104.11,1024.60,5.00,1,1,1,0.1
03201607152311,032016071503,12.00,21.43,93.06,21.43,104.11,1024.66,5.00,1,1,1,0.1
03201607152312,032016071504,16.00,21.43,93.06,21.43,104.11,1024.74,5.00,1,1,1,0.1
03201607152312,032016071505,4074.00,21.43,93.06,21.43,104.11,1024.60,5.00,1,1,1,0.1
03201607152312,032016071506,37983.00,21.43,93.06,21.43,104.11,1024.82,5.00,1,1,1,0.1
03201607152313,032016071507,65535.00,21.43,75.30,21.43,104.11,1024.85,5.00,1,1,1,0.1
03201607152313,032016071508,65535.00,21.43,71.97,21.43,104.11,1025.17,5.00,1,1,1,0.1
03201607152314,032016071509,65535.00,23.99,74.05,21.43,104.11,1025.07,4.94,1,1,1,0.1
03201607152314,032016071510,65535.00,31.67,52.46,23.93,96.35,1024.87,4.95,1,1,1,0.1
03201607152314,032016071511,65535.00,31.67,40.48,24.13,97.42,1025.02,4.95,1,1,1,0.1
03201607152315,032016071512,65535.00,31.67,52.46,24.49,97.94,1024.91,4.99,1,1,1,0.1
03201607152315,032016071513,65535.00,31.67,52.46,26.23,97.33,1024.97,4.94,1,1,1,0.1
03201607152315,032016071514,65535.00,31.67,52.46,26.51,98.03,1024.74,5.00,1,1,1,0.1
03201607152316,032016071515,65535.00,31.67,42.88,31.67,97.94,1024.81,5.00,1,1,1,0.1
03201607152316,032016071516,65535.00,25.51,59.64,26.47,98.74,1024.45,5.00,1,1,1,0.1
03201607152316,032016071517,65535.00,23.99,63.81,23.67,99.03,1024.37,4.94,1,1,1,0.1
03201607152317,032016071518,65535.00,23.99,63.85,23.67,104.78,1024.31,4.96,1,1,1,0.1
03201607152317,032016071519,65535.00,22.39,70.33,22.05,104.31,1023.84,4.96,1,1,1,0.1
03201607152318,032016071520,60901.00,22.65,73.10,21.91,104.25,1023.44,4.97,1,1,1,0.1
03201607152318,032016071521,24532.00,23.99,70.06,21.43,104.11,1023.57,4.94,1,1,1,0.1
03201607152318,032016071522,26.00,21.43,78.87,21.43,104.11,1023.76,4.97,1,1,1,0.1
03201607152319,032016071523,17.00,21.43,79.71,21.43,104.11,1023.71,4.96,1,1,1,0.1
03201607162310,032016071600,18.00,21.43,75.25,21.43,104.11,1023.71,4.98,1,1,1,0.1
03201607162311,032016071601,14.00,21.43,76.86,21.43,104.11,1023.65,4.98,1,1,1,0.1
03201607162311,032016071602,17.00,21.43,75.73,21.43,104.11,1023.74,4.98,1,1,1,0.1
03201607162311,032016071603,14.00,21.43,76.75,21.43,104.11,1023.36,4.94,1,1,1,0.1
03201607162312,032016071604,13.00,21.43,78.87,21.43,104.11,1023.15,4.98,1,1,1,0.1
03201607162312,032016071605,3527.00,21.43,93.06,21.43,104.11,1023.32,4.98,1,1,1,0.1
03201607162312,032016071606,29828.00,21.43,80.43,21.43,104.11,1023.40,4.98,1,1,1,0.1
03201607162313,032016071607,35689.00,21.43,93.06,21.43,104.11,1023.72,4.98,1,1,1,0.1
03201607162313,032016071608,65535.00,23.99,74.63,21.43,104.11,1023.89,4.98,1,1,1,0.1
03201607162314,032016071609,65535.00,23.99,70.64,21.43,104.11,1024.32,4.98,1,1,1,0.1
03201607162314,032016071610,65535.00,31.67,64.38,22.91,99.83,1024.03,4.98,1,1,1,0.1
03201607162314,032016071611,65535.00,36.79,53.14,31.67,98.33,1023.61,4.98,1,1,1,0.1
03201607162315,032016071612,65535.00,36.79,53.14,31.67,103.77,1023.42,4.98,1,1,1,0.1
03201607162315,032016071613,65535.00,39.35,39.24,31.91,98.37,1023.21,4.98,1,1,1,0.1
03201607162315,032016071614,65535.00,39.35,42.61,32.39,98.48,1022.90,4.94,1,1,1,0.1
03201607162316,032016071615,65535.00,44.47,31.32,36.79,97.56,1022.49,4.97,1,1,1,0.1
03201607162316,032016071616,65535.00,36.79,44.34,33.59,100.67,1022.21,4.95,1,1,1,0.1
03201607162316,032016071617,65535.00,31.67,52.46,31.67,96.81,1021.97,4.98,1,1,1,0.1
03201607162317,032016071618,65535.00,31.67,60.58,31.67,100.73,1021.67,4.95,1,1,1,0.1
03201607162317,032016071619,65535.00,31.67,60.58,31.67,101.35,1021.79,4.98,1,1,1,0.1
03201607162318,032016071620,63895.00,31.67,62.30,31.67,101.53,1021.73,4.96,1,1,1,0.1
03201607162318,032016071621,6810.00,25.91,63.07,25.91,100.92,1021.77,4.98,1,1,1,0.1
03201607162318,032016071622,20.00,25.23,73.70,25.91,105.44,1021.98,4.98,1,1,1,0.1
03201607162319,032016071623,12.00,23.99,69.75,23.73,104.79,1022.09,4.98,1,1,1,0.1
03201607172310,032016071700,13.00,21.91,73.05,22.39,104.39,1021.90,4.98,1,1,1,0.1
03201607172311,032016071701,13.00,23.99,77.67,23.69,104.79,1021.83,4.98,1,1,1,0.1
03201607172311,032016071702,13.00,23.99,79.34,23.03,104.58,1021.91,4.98,1,1,1,0.1
03201607172311,032016071703,17.00,23.99,78.36,22.41,104.40,1021.65,4.99,1,1,1,0.1
03201607172312,032016071704,18.00,23.99,75.41,21.95,104.28,1021.49,4.98,1,1,1,0.1
03201607172312,032016071705,1994.00,23.99,74.63,21.69,104.20,1021.36,4.98,1,1,1,0.1
03201607172312,032016071706,23291.00,23.99,76.11,21.55,104.16,1021.21,4.98,1,1,1,0.1
03201607172313,032016071707,65535.00,23.99,75.15,22.17,104.34,1021.49,4.98,1,1,1,0.1
03201607172313,032016071708,65535.00,25.19,74.22,23.83,104.82,1021.65,4.96,1,1,1,1
03201607172314,032016071709,65535.00,31.67,68.33,25.19,105.20,1021.34,4.98,1,1,1,0.1
03201607172314,032016071710,65535.00,34.23,52.79,31.67,98.96,1021.28,4.98,1,1,1,0.1
03201607172314,032016071711,65535.00,36.79,53.14,31.67,97.56,1021.12,4.98,1,1,1,0.1
03201607172315,032016071712,65535.00,34.23,52.58,31.67,97.47,1020.89,4.96,1,1,1,0.1
03201607172315,032016071713,65535.00,34.23,52.51,31.67,101.02,1020.74,4.95,1,1,1,1
03201607172315,032016071714,65535.00,32.63,52.58,31.67,100.63,1020.64,4.98,1,1,1,0.1
03201607172316,032016071715,65535.00,34.23,43.56,31.67,104.05,1020.25,4.96,1,1,1,0.1
03201607172316,032016071716,65535.00,31.67,68.80,31.67,100.63,1019.55,4.96,1,1,1,0.1
03201607172316,032016071717,65535.00,31.67,73.96,31.67,101.53,1019.41,4.98,1,1,1,0.1
03201607172317,032016071718,65535.00,26.39,76.89,31.67,107.14,1019.25,4.97,1,1,1,0.1
03201607172317,032016071719,65535.00,31.67,63.04,31.67,101.53,1019.20,4.98,1,1,1,0.1
03201607172317,032016071720,65535.00,31.67,61.32,31.67,101.53,1019.42,4.98,1,1,1,0.1
03201607172318,032016071721,7630.00,26.55,72.85,24.77,107.14,1019.80,4.98,1,1,1,0.1
03201607172318,032016071722,22.00,26.55,73.97,24.65,105.07,1020.24,4.98,1,1,1,0.1
03201607172319,032016071723,14.00,23.99,77.96,22.91,104.56,1020.52,4.98,1,1,1,0.1
03201607182310,032016071800,11.00,23.99,75.07,23.67,104.78,1020.68,5.02,1,1,1,1
03201607182310,032016071801,11.00,22.15,80.38,21.77,104.25,1020.66,5.02,1,1,1,1
03201607182311,032016071802,12.00,21.43,93.06,21.43,104.11,1020.62,5.02,1,1,1,0.1
03201607182311,032016071803,12.00,21.43,93.06,21.43,104.11,1020.47,5.02,1,1,1,0.1
03201607182311,032016071804,14.00,21.43,93.06,21.43,104.11,1020.26,5.02,1,1,1,0.1
03201607182312,032016071805,3457.00,21.43,93.06,21.43,104.11,1020.22,5.02,1,1,1,0.1
03201607182312,032016071806,28173.00,21.43,93.06,21.43,104.11,1020.57,5.02,1,1,1,0.1
03201607182313,032016071807,39603.00,21.43,93.06,21.43,104.11,1020.74,5.03,1,1,1,0.1
03201607182313,032016071808,65535.00,21.43,93.06,21.43,104.11,1020.77,5.02,1,1,1,0.1
03201607182313,032016071809,65535.00,31.67,69.98,22.63,105.63,1020.85,5.02,1,1,1,0.1
03201607182314,032016071810,65535.00,34.23,60.79,31.67,100.15,1020.85,5.02,1,1,1,0.1
03201607182314,032016071811,65535.00,39.35,40.86,31.67,103.11,1020.97,5.02,1,1,1,0.1
03201607182314,032016071812,65535.00,36.79,53.14,31.67,103.21,1020.87,5.02,1,1,1,0.1
03201607182315,032016071813,65535.00,41.91,41.69,32.99,96.02,1020.56,5.02,1,1,1,0.1
03201607182315,032016071814,65535.00,49.59,27.17,39.35,97.64,1020.33,5.02,1,1,1,0.1
03201607182315,032016071815,65535.00,49.59,28.47,39.35,97.64,1019.72,5.02,1,1,1,0.1
03201607182316,032016071816,65535.00,39.35,43.72,36.79,96.98,1019.31,5.02,1,1,1,0.1
03201607182316,032016071817,65535.00,31.67,60.58,31.67,101.55,1018.90,5.03,1,1,1,0.1
03201607182317,032016071818,65535.00,31.67,60.58,31.67,101.31,1018.39,5.03,1,1,1,0.1
03201607182317,032016071819,65535.00,32.79,60.75,31.67,100.63,1018.32,5.03,1,1,1,0.1
03201607182317,032016071820,65535.00,32.63,60.72,31.67,101.59,1018.35,5.03,1,1,1,0.1
03201607182318,032016071821,7420.00,31.67,67.86,31.67,100.15,1018.73,5.03,1,1,1,0.1
03201607182318,032016071822,21.00,26.55,69.24,25.55,99.76,1019.17,5.03,1,1,1,0.1
03201607182318,032016071823,12.00,25.91,74.49,25.91,105.44,1019.33,5.03,1,1,1,0.1
03201607192310,032016071900,11.00,23.99,70.21,23.83,104.82,1019.53,5.03,1,1,1,0.1
03201607192311,032016071901,11.00,23.99,75.03,21.67,104.77,1019.15,5.03,1,1,1,0.1
03201607192311,032016071902,12.00,22.39,80.69,22.55,104.44,1018.71,5.03,1,1,1,1
03201607192311,032016071903,12.00,21.43,74.54,21.43,104.11,1018.59,5.02,1,1,1,0.1
03201607192312,032016071904,13.00,21.43,77.12,21.43,104.11,1018.14,5.03,1,1,1,1
03201607192312,032016071905,3388.00,21.43,78.87,21.43,104.11,1017.88,5.03,1,1,1,0.1
03201607192312,032016071906,28680.00,21.43,93.06,21.43,104.11,1017.87,5.03,1,1,1,0.1
03201607192313,032016071907,51102.00,21.43,76.38,21.43,104.11,1017.91,5.03,1,1,1,0.1
03201607192313,032016071908,65535.00,23.99,79.56,21.43,104.11,1017.60,5.03,1,1,1,0.1
03201607192314,032016071909,65535.00,31.67,62.30,24.55,107.14,1017.36,5.03,1,1,1,0.1
03201607192314,032016071910,65535.00,39.35,53.48,31.67,100.87,1017.07,5.03,1,1,1,0.1
03201607192314,032016071911,65535.00,43.03,43.01,32.93,96.01,1016.74,5.03,1,1,1,0.1
03201607192315,032016071912,65535.00,41.91,38.36,36.79,96.98,1016.42,5.03,1,1,1,0.1
03201607192315,032016071913,65535.00,44.47,43.13,39.35,97.64,1015.93,5.03,1,1,1,0.1
03201607192315,032016071914,65535.00,52.15,27.32,42.87,99.60,1015.30,5.02,1,1,1,0.1
03201607192316,032016071915,65535.00,52.15,27.31,42.39,98.41,1015.05,5.02,1,1,1,0.1
03201607192316,032016071916,65535.00,41.91,42.69,39.41,97.66,1014.48,5.03,1,1,1,1
03201607192316,032016071917,65535.00,36.79,61.36,36.79,99.28,1013.95,5.03,1,1,1,0.1
03201607192317,032016071918,65535.00,33.91,60.92,33.03,100.89,1013.49,5.03,1,1,1,0.1
03201607192317,032016071919,65535.00,36.79,61.36,33.07,100.88,1013.34,5.03,1,1,1,0.1
03201607192318,032016071920,65535.00,32.23,60.67,33.59,99.84,1013.05,5.03,1,1,1,0.1
03201607192318,032016071921,5379.00,31.67,60.58,31.67,98.03,1012.62,5.03,1,1,1,0.1
03201607192318,032016071922,19.00,31.67,66.43,31.67,100.15,1012.35,5.03,1,1,1,0.1
03201607192319,032016071923,14.00,26.55,62.39,26.07,98.63,1011.72,5.03,1,1,1,0.1
03201607202310,032016072000,12.00,26.55,68.78,26.51,105.61,1011.26,4.99,1,1,1,1
03201607202311,032016072001,13.00,25.11,70.73,25.27,105.26,1010.48,5.00,1,1,1,0.1
03201607202311,032016072002,15.00,25.37,74.39,24.65,105.07,1009.84,5.00,1,1,1,0.1
03201607202311,032016072003,12.00,26.55,70.09,23.99,104.88,1008.89,5.00,1,1,1,0.1
03201607202312,032016072004,14.00,23.99,73.28,23.01,104.68,1007.71,5.00,1,1,1,0.1
03201607202312,032016072005,5751.00,23.99,73.77,22.41,104.41,1006.86,5.00,1,1,1,0.1
03201607202313,032016072006,49594.00,26.55,75.01,22.85,104.54,1006.52,5.00,1,1,1,0.1
03201607202313,032016072007,65535.00,26.55,73.57,24.61,105.06,1006.06,5.00,1,1,1,0.1
03201607202313,032016072008,65535.00,31.67,73.90,26.23,100.87,1005.53,5.00,1,1,1,0.1
03201607202314,032016072009,65535.00,31.67,60.58,31.67,98.49,1006.02,4.99,1,1,1,0.1
03201607202314,032016072010,65535.00,36.79,37.65,31.67,97.28,1006.49,4.99,1,1,1,0.1
03201607202314,032016072011,65535.00,36.79,37.29,31.67,95.67,1006.67,4.99,1,1,1,0.1
03201607202315,032016072012,65535.00,31.67,60.58,31.67,102.69,1007.47,4.97,1,1,1,0.1
03201607202315,032016072013,65535.00,36.79,42.34,33.59,96.16,1007.35,4.98,1,1,1,0.1
03201607202315,032016072014,65535.00,44.47,43.13,36.79,96.98,1007.50,4.99,1,1,1,0.1
03201607202316,032016072015,65535.00,47.03,31.69,36.79,96.98,1007.75,4.98,1,1,1,0.1
03201607202316,032016072016,65535.00,36.79,43.99,34.07,99.27,1007.86,4.99,1,1,1,0.1
03201607202317,032016072017,65535.00,32.33,60.68,32.23,96.39,1007.99,4.99,1,1,1,0.1
03201607202317,032016072018,65535.00,31.67,60.58,31.67,101.40,1008.34,4.95,1,1,1,0.1
03201607202317,032016072019,65535.00,34.23,35.39,31.67,100.63,1008.55,4.99,1,1,1,0.1
03201607202318,032016072020,65535.00,31.67,60.58,31.67,98.49,1009.25,5.00,1,1,1,0.1
03201607202318,032016072021,6609.00,31.67,60.58,31.67,101.46,1010.51,4.96,1,1,1,0.1
03201607202318,032016072022,19.00,26.55,59.42,25.37,105.29,1011.54,5.01,1,1,1,0.1
03201607202319,032016072023,14.00,26.55,62.31,25.41,105.29,1011.91,4.99,1,1,1,0.1
03201607282310,,,,,,,,,1,1,1,
03201607282310,,,,,,,,,1,1,1,
03201607282310,,,,,,,,,1,1,1,
03201607282310,,,,,,,,,1,1,1,
03201607282310,,,,,,,,,1,1,1,
03201607282310,,,,,,,,,1,1,1,
03201607282310,,,,,,,,,1,1,1,
03201607282310,,,,,,,,,1,1,1,
03201607282310,,,,,,,,,1,1,1,
03201607282310,,,,,,,,,1,1,1,
03201607282310,,,,,,,,,1,1,1,
03201607282310,,,,,,,,,1,1,1,
03201607282310,032016072812,65535.00,31.67,95.91,31.67,40.42,1014.46,5.04,1,1,1,0.1
03201607282311,032016072813,65535.00,31.67,95.67,103.35,52.46,1014.11,5.05,1,1,1,1
03201607282311,032016072814,65535.00,25.91,94.21,26.55,60.58,1013.81,5.05,1,1,1,0.1
03201607282311,032016072815,65535.00,26.41,94.35,26.55,67.44,1013.75,5.05,1,1,1,0.1
03201607282312,032016072816,65535.00,25.41,94.08,26.55,67.44,1013.44,5.05,1,1,1,0.1
03201607282312,032016072817,65535.00,22.81,93.42,23.99,74.22,1012.96,5.05,1,1,1,0.1
03201607282312,032016072818,65535.00,23.01,93.77,23.99,74.22,1012.48,5.05,1,1,1,0.1
03201607282313,032016072819,65535.00,22.63,93.73,23.99,81.09,1012.06,5.05,1,1,1,0.1
03201607282313,032016072820,30340.00,22.39,93.49,23.99,74.22,1011.87,5.05,1,1,1,0.1
03201607282314,032016072821,2143.00,23.83,95.01,23.99,81.09,1011.93,5.05,1,1,1,0.1
03201607282314,032016072822,17.00,22.41,94.90,21.43,80.54,1011.55,5.05,1,1,1,0.1
03201607282314,032016072823,16.00,21.43,112.99,21.43,93.06,1011.65,5.05,1,1,1,0.1
03201607302310,032016073000,17.00,21.67,97.41,21.43,80.54,1012.20,5.04,1,1,1,0.1
03201607302310,032016073001,16.00,21.43,97.37,21.43,80.54,1012.13,5.04,1,1,1,0.1
03201607302311,032016073002,18.00,21.43,97.37,21.43,80.54,1012.16,5.04,1,1,1,0.1
03201607302311,032016073003,16.00,21.43,97.63,21.43,74.82,1012.30,5.04,1,1,1,0.1
03201607302312,032016073004,15.00,21.43,98.07,21.43,93.06,1012.18,5.04,1,1,1,0.1
03201607302312,032016073005,475.00,21.43,98.07,21.43,93.06,1012.44,5.04,1,1,1,0.1
03201607302312,032016073006,30942.00,21.43,98.42,21.43,93.06,1012.45,5.04,1,1,1,0.1
03201607302313,032016073007,25086.00,21.43,98.46,21.43,76.32,1012.85,5.04,1,1,1,0.1
03201607302313,032016073008,65535.00,21.43,98.42,21.43,74.65,1012.94,5.04,1,1,1,1
03201607302313,032016073009,65535.00,21.43,98.07,21.49,72.41,1013.24,5.04,1,1,1,0.1
03201607302314,032016073010,65535.00,22.39,97.63,22.55,73.07,1013.44,5.04,1,1,1,0.1
03201607302314,032016073011,65535.00,23.67,97.94,23.83,65.12,1013.72,5.04,1,1,1,0.1
03201607302314,032016073012,65535.00,25.59,94.71,31.67,60.58,1013.78,5.04,1,1,1,0.1
03201607302315,032016073013,65535.00,25.93,94.23,31.67,60.58,1013.62,5.04,1,1,1,1
03201607302315,032016073014,65535.00,31.67,95.67,103.35,43.43,1013.59,5.04,1,1,1,0.1
03201607302316,032016073015,65535.00,31.67,95.67,31.67,60.58,1013.41,5.04,1,1,1,0.1
03201607302316,032016073016,65535.00,31.67,95.67,31.67,60.89,1013.40,5.04,1,1,1,0.1
03201607302316,032016073017,65535.00,26.03,95.43,26.07,60.21,1013.62,5.04,1,1,1,0.1
03201607302317,032016073018,65535.00,25.15,96.54,25.37,65.36,1013.57,5.04,1,1,1,1
03201607302317,032016073019,65535.00,24.95,96.53,26.03,60.87,1013.45,5.04,1,1,1,0.1
03201607302317,032016073020,33052.00,23.35,96.47,23.67,59.84,1013.69,5.04,1,1,1,0.1
03201607302318,032016073021,1454.00,23.67,97.98,23.99,74.22,1014.25,5.04,1,1,1,0.1
03201607302318,032016073022,14.00,21.67,98.11,21.43,73.07,1014.53,5.04,1,1,1,0.1
03201607302318,032016073023,13.00,21.43,98.24,21.43,76.86,1014.61,5.04,1,1,1,1
03201607312310,032016073100,14.00,21.43,98.68,21.43,72.96,1014.80,5.04,1,1,1,0.1
03201607312310,032016073101,15.00,21.43,98.76,21.43,75.09,1015.19,5.04,1,1,1,0.1
03201607312311,032016073102,15.00,21.43,93.61,21.43,79.71,1015.07,5.04,1,1,1,1
03201607312311,032016073103,13.00,21.43,93.88,21.43,77.44,1015.03,5.04,1,1,1,0.1
03201607312312,032016073104,15.00,21.43,94.25,21.43,80.12,1015.32,5.04,1,1,1,0.1
03201607312312,032016073105,282.00,21.43,94.43,21.43,74.11,1015.53,5.04,1,1,1,0.1
03201607312312,032016073106,9284.00,21.43,94.70,21.43,75.79,1015.57,5.04,1,1,1,0.1
03201607312313,032016073107,45815.00,21.43,94.65,21.43,73.73,1016.24,5.04,1,1,1,0.1
03201607312313,032016073108,65535.00,21.43,94.47,21.43,73.73,1016.57,5.04,1,1,1,0.1
03201607312313,032016073109,65535.00,21.43,98.76,23.67,15.90,1016.80,5.04,1,1,1,0.1
03201607312314,032016073110,65535.00,25.91,97.69,31.67,61.36,1016.80,5.04,1,1,1,0.1
03201607312314,032016073111,65535.00,31.67,95.67,103.35,60.58,1016.90,5.04,1,1,1,0.1
03201607312314,032016073112,65535.00,31.67,95.67,31.67,52.46,1016.95,5.04,1,1,1,1
03201607312315,032016073113,65535.00,26.49,94.52,31.67,53.82,1017.08,5.04,1,1,1,0.1
03201607312315,032016073114,65535.00,25.91,95.32,31.67,52.46,1017.24,5.04,1,1,1,0.1
03201607312316,032016073115,65535.00,31.67,95.67,31.67,42.06,1017.36,5.04,1,1,1,0.1
03201607312316,032016073116,65535.00,26.23,94.66,31.67,60.58,1017.43,5.04,1,1,1,0.1
03201607312316,032016073117,65535.00,24.97,95.25,26.01,59.72,1017.29,5.04,1,1,1,0.1
03201607312317,032016073118,65535.00,25.37,96.79,25.91,59.69,1017.39,5.04,1,1,1,1
03201607312317,032016073119,65535.00,25.29,97.15,26.53,63.73,1017.31,5.04,1,1,1,0.1
03201607312317,032016073120,26538.00,23.41,97.18,22.21,63.65,1017.47,5.04,1,1,1,1
03201607312318,032016073121,1145.00,23.97,115.58,22.19,69.91,1017.66,5.04,1,1,1,0.1
03201607312318,032016073122,14.00,22.55,98.40,21.43,63.00,1018.02,5.04,1,1,1,0.1
03201607312318,032016073123,13.00,21.43,98.42,21.43,70.07,1018.21,5.04,1,1,1,0.1
03201608012310,032016080100,14.00,21.43,98.68,21.43,69.28,1018.49,5.04,1,1,1,0.1
03201608012310,032016080101,13.00,21.43,93.33,21.43,73.73,1018.76,5.04,1,1,1,0.1
03201608012311,032016080102,13.00,21.43,93.79,21.43,70.74,1018.88,5.04,1,1,1,0.1
03201608012311,032016080103,13.00,21.43,94.15,21.43,71.02,1019.03,5.04,1,1,1,0.1
03201608012312,032016080104,12.00,21.43,94.38,21.43,73.51,1018.97,5.04,1,1,1,0.1
03201608012312,032016080105,261.00,21.43,94.79,21.43,76.54,1018.91,5.04,1,1,1,0.1
03201608012312,032016080106,32835.00,21.43,95.24,21.43,72.96,1018.98,5.04,1,1,1,0.1
03201608012313,032016080107,64322.00,21.43,95.24,21.43,74.05,1019.20,5.04,1,1,1,0.1
03201608012313,032016080108,65535.00,21.43,94.61,21.43,70.74,1019.17,5.04,1,1,1,0.1
03201608012313,032016080109,65535.00,21.43,93.97,82.87,69.28,1019.47,5.04,1,1,1,0.1
03201608012314,032016080110,65535.00,21.43,98.76,21.71,113.80,1019.81,5.04,1,1,1,0.1
03201608012314,032016080111,65535.00,21.43,98.42,21.71,113.77,1019.95,5.04,1,1,1,0.1
03201608012315,032016080112,65535.00,21.79,96.70,26.03,94.22,1019.63,5.04,1,1,1,0.1
03201608012315,032016080113,65535.00,22.73,95.61,26.25,105.53,1019.27,5.04,1,1,1,0.1
03201608012315,032016080114,65535.00,21.93,94.91,24.09,61.28,1019.15,5.04,1,1,1,0.1
03201608012316,032016080115,65535.00,22.47,95.67,23.35,59.30,1018.99,5.04,1,1,1,0.1
03201608012316,032016080116,65535.00,21.67,96.29,87.99,64.89,1018.74,5.04,1,1,1,0.1
03201608012316,032016080117,65535.00,21.43,97.37,22.39,64.86,1018.14,5.04,1,1,1,0.1
03201608012317,032016080118,65535.00,21.43,96.49,82.87,67.58,1017.70,5.04,1,1,1,0.1
03201608012317,032016080119,26516.00,21.43,97.46,21.43,74.38,1017.25,5.04,1,1,1,0.1
03201608012317,032016080120,8696.00,21.43,98.76,21.43,76.86,1016.63,5.04,1,1,1,0.1
03201608012318,032016080121,294.00,21.43,94.34,21.43,78.87,1015.96,5.04,1,1,1,0.1
03201608012318,032016080122,17.00,21.43,94.65,82.87,93.06,1015.34,5.04,1,1,1,0.1
03201608012319,032016080123,17.00,21.43,94.79,21.43,93.06,1014.38,5.04,1,1,1,0.1
03201608022311,032016080200,17.00,21.43,94.74,21.43,93.06,1013.25,4.99,1,1,1,0.1
03201608022311,032016080201,17.00,21.43,94.65,21.43,93.06,1012.01,4.99,1,1,1,0.1
03201608022311,032016080202,17.00,21.43,94.79,21.43,93.06,1011.19,5.00,1,1,1,1
03201608022312,032016080203,16.00,21.43,94.70,21.43,93.06,1010.19,5.00,1,1,1,1
03201608022312,032016080204,16.00,21.43,94.52,21.43,93.06,1009.77,5.02,1,1,1,1
03201608022312,032016080205,100.00,21.43,94.15,21.43,93.06,1009.38,4.99,1,1,1,0.1
03201608022313,032016080206,6733.00,21.43,93.97,82.87,93.06,1009.21,5.02,1,1,1,0.1
03201608022313,032016080207,23152.00,21.43,93.84,82.87,93.06,1009.45,5.02,1,1,1,0.1
03201608022313,032016080208,65535.00,21.43,98.68,21.43,93.06,1009.54,4.99,1,1,1,0.1
03201608022314,032016080209,65535.00,21.43,98.07,87.99,78.87,1009.64,4.98,1,1,1,0.1
03201608022314,032016080210,65535.00,21.43,96.31,23.35,80.46,1009.67,4.99,1,1,1,1
03201608022314,032016080211,65535.00,21.91,96.06,23.97,34.19,1009.78,5.02,1,1,1,1
03201608022315,032016080212,65535.00,23.35,95.84,23.47,77.26,1009.85,4.98,1,1,1,0.1
03201608022315,032016080213,65535.00,23.83,95.33,23.67,80.39,1010.05,5.02,1,1,1,0.1
03201608022315,032016080214,65535.00,22.63,94.73,25.91,75.70,1009.91,5.02,1,1,1,0.1
03201608022316,032016080215,65535.00,23.99,94.07,24.95,72.97,1010.03,5.02,1,1,1,0.1
03201608022316,032016080216,65535.00,24.03,94.36,26.23,74.57,1010.08,5.02,1,1,1,0.1
03201608022317,032016080217,65535.00,23.35,95.07,24.33,79.49,1009.90,5.02,1,1,1,0.1
03201608022317,032016080218,65535.00,22.87,95.62,24.27,81.03,1009.87,5.02,1,1,1,0.1
03201608022317,032016080219,21876.00,22.75,95.16,23.73,80.85,1009.53,5.02,1,1,1,0.1
03201608022318,032016080220,25188.00,21.71,96.26,21.95,93.20,1009.77,5.02,1,1,1,1
03201608022318,032016080221,246.00,23.37,97.09,23.39,78.05,1009.96,5.03,1,1,1,1
03201608022318,032016080222,18.00,22.81,97.77,22.91,80.03,1009.95,5.02,1,1,1,0.1
03201608022319,032016080223,17.00,22.39,97.63,22.41,80.43,1009.84,5.02,1,1,1,0.1
03201608032310,032016080300,16.00,21.81,97.47,21.75,80.60,1009.71,5.04,1,1,1,0.1
03201608032310,032016080301,17.00,21.43,98.07,21.43,93.06,1008.89,5.04,1,1,1,0.1
03201608032311,032016080302,17.00,21.43,98.07,21.43,93.06,1008.84,5.04,1,1,1,0.1
03201608032311,032016080303,17.00,21.43,98.07,82.87,93.06,1008.20,5.04,1,1,1,0.1
03201608032312,032016080304,17.00,21.43,98.07,21.43,93.06,1007.88,5.04,1,1,1,0.1
03201608032312,032016080305,36.00,21.43,98.16,82.87,93.06,1007.62,5.04,1,1,1,0.1
03201608032312,032016080306,14549.00,21.43,98.16,21.43,93.06,1007.47,5.04,1,1,1,1
03201608032313,032016080307,49771.00,21.43,98.07,21.43,93.06,1007.43,5.04,1,1,1,0.1
03201608032313,032016080308,65535.00,21.43,97.63,22.11,73.38,1007.89,5.04,1,1,1,0.1
03201608032313,032016080309,65535.00,22.95,96.88,22.65,72.21,1008.19,5.04,1,1,1,0.1
03201608032314,032016080310,65535.00,21.79,94.87,24.47,66.21,1008.18,5.04,1,1,1,0.1
03201608032314,032016080311,65535.00,23.93,94.05,24.15,60.58,1008.12,5.04,1,1,1,0.1
03201608032315,032016080312,65535.00,24.73,93.90,31.67,107.14,1007.83,5.04,1,1,1,0.1
03201608032315,032016080313,65535.00,25.91,94.20,31.67,61.36,1007.55,5.04,1,1,1,0.1
03201608032315,032016080314,65535.00,25.51,94.11,31.67,60.58,1007.26,5.04,1,1,1,0.1
03201608032316,032016080315,65535.00,31.67,95.67,31.67,52.46,1007.06,5.04,1,1,1,0.1
03201608032316,032016080316,65535.00,31.67,95.67,103.35,60.58,1006.67,5.04,1,1,1,0.1
03201608032316,032016080317,65535.00,25.91,94.20,31.67,60.58,1006.39,5.04,1,1,1,0.1
03201608032317,032016080318,65535.00,26.41,94.34,24.39,61.83,1006.07,5.04,1,1,1,0.1
03201608032317,032016080319,65535.00,24.37,93.83,24.01,66.20,1006.38,5.04,1,1,1,0.1
03201608032317,032016080320,19912.00,22.45,95.05,21.63,61.90,1006.58,5.04,1,1,1,0.1
03201608032318,032016080321,829.00,22.55,95.86,21.43,68.55,1007.13,5.04,1,1,1,1
03201608032318,032016080322,12.00,21.43,95.60,21.43,67.92,1007.33,5.04,1,1,1,0.1
03201608032319,032016080323,15.00,21.43,97.37,82.87,70.30,1007.58,5.04,1,1,1,0.1
03201608042310,032016080400,13.00,21.43,98.07,82.87,77.92,1007.68,5.04,1,1,1,0.1
03201608042310,032016080401,13.00,21.43,98.07,21.43,75.25,1007.62,5.04,1,1,1,0.1
03201608042311,032016080402,12.00,21.43,98.72,21.43,76.75,1007.47,5.04,1,1,1,0.1
03201608042311,032016080403,13.00,21.43,98.59,21.43,75.25,1007.44,5.04,1,1,1,0.1
03201608042312,032016080404,14.00,21.43,93.47,21.43,78.87,1007.30,5.04,1,1,1,0.1
03201608042312,032016080405,163.00,21.43,98.42,21.43,77.18,1007.47,5.04,1,1,1,1
03201608042312,032016080406,16668.00,21.43,94.15,21.43,79.71,1007.70,5.04,1,1,1,0.1
03201608042313,032016080407,65535.00,21.43,93.70,21.43,73.34,1008.24,5.04,1,1,1,0.1
03201608042313,032016080408,65535.00,21.43,93.52,21.43,72.85,1008.31,5.04,1,1,1,0.1
03201608042313,032016080409,65535.00,21.43,98.42,87.99,113.80,1008.51,5.04,1,1,1,0.1
03201608042314,032016080410,65535.00,21.43,97.37,23.67,62.22,1008.93,5.04,1,1,1,0.1
03201608042314,032016080411,65535.00,24.47,95.26,31.67,107.14,1008.75,5.04,1,1,1,0.1
03201608042315,032016080412,65535.00,24.77,94.76,25.43,115.04,1008.88,5.04,1,1,1,0.1
03201608042315,032016080413,65535.00,25.91,94.20,25.97,59.71,1008.97,5.04,1,1,1,0.1
03201608042315,032016080414,65535.00,25.13,94.23,24.95,59.55,1008.95,5.04,1,1,1,0.1
03201608042316,032016080415,65535.00,24.55,93.87,31.67,60.58,1009.29,5.04,1,1,1,1
03201608042316,032016080416,65535.00,26.47,94.34,31.67,107.14,1009.49,5.04,1,1,1,1
03201608042316,032016080417,65535.00,26.53,95.45,93.11,105.44,1009.64,5.04,1,1,1,0.1
03201608042317,032016080418,65535.00,26.23,95.35,24.67,114.77,1010.17,5.04,1,1,1,1
03201608042317,032016080419,65535.00,24.95,95.16,25.39,59.62,1011.03,5.04,1,1,1,0.1
03201608042317,032016080420,22021.00,22.55,96.97,21.81,65.71,1011.87,5.04,1,1,1,0.1
03201608042318,032016080421,648.00,23.35,97.98,22.13,72.98,1012.59,5.04,1,1,1,0.1
03201608042318,032016080422,15.00,21.43,98.68,82.87,93.06,1013.28,5.04,1,1,1,0.1
03201608042318,032016080423,12.00,21.43,94.43,21.43,93.06,1013.71,5.04,1,1,1,0.1
03201608052310,032016080500,12.00,21.43,94.83,21.43,93.06,1014.25,5.02,1,1,1,0.1
03201608052311,032016080501,12.00,21.43,95.24,21.43,93.06,1014.61,5.03,1,1,1,0.1
03201608052311,032016080502,12.00,21.43,95.24,82.87,93.06,1014.98,5.03,1,1,1,0.1
03201608052312,032016080503,13.00,21.43,95.33,21.43,93.06,1015.64,5.02,1,1,1,0.1
03201608052312,032016080504,12.00,21.43,95.60,82.87,93.06,1016.18,5.02,1,1,1,0.1
03201608052312,032016080505,126.00,21.43,95.78,21.43,93.06,1016.76,5.02,1,1,1,0.1
03201608052313,032016080506,13633.00,21.43,95.87,21.43,93.06,1017.33,5.03,1,1,1,0.1
03201608052313,032016080507,41899.00,21.43,95.87,21.43,93.06,1017.73,5.03,1,1,1,0.1
03201608052313,032016080508,65535.00,21.43,95.60,21.43,93.06,1018.42,5.02,1,1,1,0.1
03201608052314,032016080509,65535.00,21.43,94.79,21.43,79.71,1019.19,5.03,1,1,1,0.1
03201608052314,032016080510,65535.00,24.23,98.85,103.35,60.58,1019.61,5.02,1,1,1,0.1
03201608052314,032016080511,65535.00,26.41,95.81,31.67,60.58,1020.02,5.02,1,1,1,0.1
03201608052315,032016080512,65535.00,31.67,96.58,31.67,52.46,1020.23,5.02,1,1,1,0.1
03201608052315,032016080513,65535.00,31.67,95.91,31.67,52.46,1020.49,5.02,1,1,1,0.1
03201608052316,032016080514,65535.00,31.67,95.67,33.59,96.33,1020.66,5.02,1,1,1,0.1
03201608052316,032016080515,65535.00,31.67,95.67,108.47,83.23,1020.71,5.02,1,1,1,0.1
03201608052316,032016080516,65535.00,31.67,95.67,33.69,43.99,1020.59,5.02,1,1,1,0.1
03201608052317,032016080517,65535.00,31.67,96.24,31.67,60.58,1020.83,5.02,1,1,1,0.1
03201608052317,032016080518,65535.00,31.67,97.56,103.35,62.15,1020.74,5.03,1,1,1,0.1
03201608052317,032016080519,65535.00,31.67,98.40,26.55,62.12,1020.83,5.02,1,1,1,0.1
03201608052318,032016080520,46068.00,24.95,97.21,26.47,66.26,1021.48,5.02,1,1,1,0.1
03201608052318,032016080521,205.00,25.53,98.46,24.25,70.03,1021.96,5.02,1,1,1,0.1
03201608052319,032016080522,13.00,23.67,98.16,21.83,75.32,1022.77,5.02,1,1,1,0.1
03201608052319,032016080523,13.00,21.73,98.47,21.93,75.14,1022.99,4.98,1,1,1,0.1
03201608072310,,,,,,,,,1,1,1,
03201608072310,,,,,,,,,1,1,1,
03201608072310,,,,,,,,,1,1,1,
03201608072310,,,,,,,,,1,1,1,
03201608072310,,,,,,,,,1,1,1,
03201608072310,,,,,,,,,1,1,1,
03201608072310,,,,,,,,,1,1,1,
03201608072310,,,,,,,,,1,1,1,
03201608072310,,,,,,,,,1,1,1,
03201608072310,,,,,,,,,1,1,1,
03201608072310,,,,,,,,,1,1,1,
03201608072310,,,,,,,,,1,1,1,
03201608072310,,,,,,,,,1,1,1,
03201608072310,032016080713,65535.00,31.67,100.96,31.67,73.90,1022.73,5.02,1,1,1,0.1
03201608072311,032016080714,65535.00,31.67,98.31,33.59,60.87,1022.45,5.02,1,1,1,0.1
03201608072311,032016080715,65535.00,31.67,95.86,39.35,53.48,1022.25,5.02,1,1,1,0.1
03201608072311,032016080716,65535.00,31.67,97.19,36.79,53.14,1021.85,5.02,1,1,1,0.1
03201608072312,032016080717,48475.00,31.67,100.15,31.67,68.33,1020.99,5.02,1,1,1,0.1
03201608072312,032016080718,31269.00,31.67,100.87,26.55,67.44,1021.02,5.02,1,1,1,0.1
03201608072313,032016080719,65535.00,31.67,101.41,31.67,68.33,1020.63,5.02,1,1,1,0.1
03201608072313,032016080720,10213.00,24.99,99.65,26.55,74.72,1020.38,5.01,1,1,1,0.1
03201608072313,032016080721,123.00,24.73,95.29,23.99,74.22,1020.82,5.01,1,1,1,0.1
03201608072314,032016080722,5.00,22.39,95.49,21.43,73.73,1021.00,5.01,1,1,1,0.1
03201608072314,032016080723,4.00,22.75,96.17,21.43,80.54,1020.91,5.01,1,1,1,0.1
03201608082310,032016080800,4.00,21.47,96.13,21.43,80.54,1020.47,5.00,1,1,1,0.1
03201608082311,032016080801,5.00,21.43,96.40,21.43,80.54,1020.39,5.00,1,1,1,0.1
03201608082311,032016080802,5.00,21.43,96.31,21.43,80.54,1019.79,4.99,1,1,1,0.1
03201608082312,032016080803,5.00,21.43,96.40,21.43,80.54,1019.65,4.96,1,1,1,0.1
03201608082312,032016080804,4.00,21.43,96.40,21.43,93.06,1019.40,4.99,1,1,1,0.1
03201608082312,032016080805,26.00,21.43,97.37,21.43,93.06,1019.53,4.97,1,1,1,0.1
03201608082313,032016080806,6296.00,21.43,97.37,21.43,93.06,1020.01,4.96,1,1,1,0.1
03201608082313,032016080807,17089.00,21.43,97.37,21.43,93.06,1021.05,4.99,1,1,1,0.1
03201608082313,032016080808,22909.00,21.43,97.37,21.43,93.06,1021.53,5.00,1,1,1,0.1
03201608082314,032016080809,65535.00,21.43,97.37,21.43,93.06,1021.81,4.99,1,1,1,0.1
03201608082314,032016080810,65535.00,22.39,94.22,31.67,66.43,1021.83,5.00,1,1,1,0.1
03201608082315,032016080811,65535.00,24.49,99.54,24.95,59.56,1021.95,5.00,1,1,1,0.1
03201608082315,032016080812,65535.00,24.97,99.61,31.67,107.14,1022.13,5.00,1,1,1,0.1
03201608082315,032016080813,65535.00,24.29,99.02,103.35,61.36,1021.92,4.98,1,1,1,0.1
03201608082316,032016080814,65535.00,31.67,100.15,31.67,52.46,1021.84,4.99,1,1,1,0.1
03201608082316,032016080815,65535.00,26.07,99.34,31.67,60.58,1021.70,5.00,1,1,1,0.1
03201608082316,032016080816,65535.00,24.25,99.51,25.91,61.70,1021.46,5.00,1,1,1,0.1
03201608082317,032016080817,65535.00,25.91,94.76,25.91,62.06,1021.53,5.00,1,1,1,0.1
03201608082317,032016080818,31952.00,23.67,95.05,23.67,74.20,1021.74,5.00,1,1,1,0.1
03201608082317,032016080819,24993.00,22.09,95.42,23.67,73.50,1021.78,5.00,1,1,1,0.1
03201608082318,032016080820,4135.00,22.91,96.05,21.43,73.70,1022.02,5.00,1,1,1,0.1
03201608082318,032016080821,61.00,21.43,96.22,21.43,73.70,1022.56,5.00,1,1,1,0.1
03201608082319,032016080822,6.00,21.43,96.67,21.43,80.54,1023.03,5.00,1,1,1,0.1
03201608082319,032016080823,7.00,21.43,97.37,21.43,73.56,1023.34,4.99,1,1,1,0.1
03201608092310,032016080900,6.00,21.43,97.37,82.87,75.03,1023.55,5.00,1,1,1,0.1
03201608092310,032016080901,4.00,21.43,98.07,82.87,76.32,1023.89,5.00,1,1,1,0.1
03201608092311,032016080902,4.00,21.43,98.42,21.43,93.06,1023.91,5.00,1,1,1,0.1
03201608092311,032016080903,4.00,21.43,98.59,82.87,93.06,1023.86,5.00,1,1,1,0.1
03201608092312,032016080904,4.00,21.43,104.11,21.43,93.06,1023.87,5.00,1,1,1,0.1
03201608092312,032016080905,22.00,21.43,104.11,21.43,93.06,1024.11,5.00,1,1,1,0.1
03201608092312,032016080906,7189.00,21.43,104.11,82.87,93.06,1024.40,5.00,1,1,1,0.1
03201608092313,032016080907,18827.00,21.43,104.11,21.43,93.06,1024.95,5.00,1,1,1,0.1
03201608092313,032016080908,28456.00,21.43,104.11,82.87,93.06,1025.38,5.00,1,1,1,0.1
03201608092313,032016080909,65535.00,21.43,98.59,82.87,72.85,1025.70,5.00,1,1,1,0.1
03201608092314,032016080910,65535.00,21.43,95.33,26.29,59.77,1025.89,5.01,1,1,1,0.1
03201608092314,032016080911,65535.00,23.35,94.15,103.35,52.46,1026.10,5.02,1,1,1,0.1
03201608092315,032016080912,65535.00,26.01,99.83,31.67,52.46,1025.63,5.02,1,1,1,0.1
03201608092315,032016080913,65535.00,25.11,99.39,31.67,95.67,1025.45,5.01,1,1,1,0.1
03201608092315,032016080914,65535.00,31.67,100.24,31.67,95.67,1025.23,5.02,1,1,1,0.1
03201608092316,032016080915,65535.00,26.25,94.84,25.43,65.39,1025.04,5.01,1,1,1,0.1
03201608092316,032016080916,65535.00,24.95,95.07,24.71,59.52,1024.37,5.01,1,1,1,0.1
03201608092316,032016080917,65535.00,24.59,94.94,25.11,62.46,1023.99,5.01,1,1,1,0.1
03201608092317,032016080918,65226.00,23.67,95.03,22.47,63.04,1023.76,5.01,1,1,1,0.1
03201608092317,032016080919,33691.00,21.67,95.37,22.63,66.30,1023.64,5.01,1,1,1,0.1
03201608092317,032016080920,8623.00,22.17,96.27,21.43,69.28,1023.96,5.00,1,1,1,0.1
03201608092318,032016080921,81.00,21.43,97.37,21.43,70.13,1024.08,5.01,1,1,1,0.1
03201608092318,032016080922,5.00,21.43,114.02,21.43,73.07,1024.58,5.00,1,1,1,0.1
03201608092319,032016080923,4.00,21.43,98.11,21.43,74.82,1024.72,5.00,1,1,1,0.1
03201608102310,032016081000,5.00,21.43,98.42,21.43,75.14,1024.67,4.97,1,1,1,0.1
03201608102311,032016081001,4.00,21.43,98.76,21.43,74.38,1024.48,4.99,1,1,1,0.1
03201608102311,032016081002,4.00,21.43,104.11,21.43,79.71,1024.37,4.98,1,1,1,0.1
03201608102312,032016081003,4.00,21.43,104.11,21.43,79.08,1024.25,4.99,1,1,1,0.1
03201608102312,032016081004,4.00,21.43,104.11,21.43,93.06,1024.10,4.99,1,1,1,0.1
03201608102312,032016081005,16.00,21.43,104.11,21.43,93.06,1024.03,4.97,1,1,1,0.1
03201608102313,032016081006,9386.00,21.43,104.11,21.43,93.06,1024.11,4.99,1,1,1,0.1
03201608102313,032016081007,36316.00,21.43,104.11,21.43,93.06,1024.34,4.99,1,1,1,0.1
03201608102313,032016081008,65535.00,21.43,115.09,21.43,77.92,1024.78,4.99,1,1,1,0.1
03201608102314,032016081009,65535.00,21.43,97.37,82.87,71.97,1025.08,4.99,1,1,1,0.1
03201608102314,032016081010,65535.00,21.43,96.67,87.99,70.14,1025.10,4.98,1,1,1,0.1
03201608102315,032016081011,65535.00,22.13,111.54,24.47,63.36,1025.10,5.00,1,1,1,0.1
03201608102315,032016081012,65535.00,21.67,95.32,23.67,63.43,1025.05,5.00,1,1,1,0.1
03201608102315,032016081013,65535.00,21.79,95.33,23.35,15.88,1025.14,5.00,1,1,1,0.1
03201608102316,032016081014,65535.00,24.13,94.47,31.67,61.36,1025.07,5.00,1,1,1,0.1
03201608102316,032016081015,65535.00,24.31,99.36,31.67,60.58,1024.72,4.97,1,1,1,0.1
03201608102316,032016081016,65535.00,25.97,99.89,25.19,105.23,1024.61,4.97,1,1,1,0.1
03201608102317,032016081017,65535.00,23.67,95.01,22.85,63.01,1024.34,5.00,1,1,1,0.1
03201608102317,032016081018,64600.00,22.77,94.93,23.35,65.14,1024.24,5.00,1,1,1,0.1
03201608102317,032016081019,55669.00,22.39,95.04,23.03,114.34,1024.06,5.00,1,1,1,0.1
03201608102318,032016081020,11939.00,23.35,95.99,21.53,69.80,1023.90,5.00,1,1,1,0.1
03201608102318,032016081021,34.00,21.43,96.49,21.43,73.29,1024.12,5.00,1,1,1,1
03201608102319,032016081022,5.00,21.43,97.37,21.43,69.85,1024.01,5.00,1,1,1,0.1
03201608102319,032016081023,5.00,21.43,97.37,21.43,71.97,1023.81,4.96,1,1,1,0.1
03201608112310,032016081100,5.00,21.43,97.37,21.43,76.48,1023.56,4.99,1,1,1,0.1
03201608112310,032016081101,5.00,21.43,97.37,21.43,77.92,1023.03,4.99,1,1,1,0.1
03201608112311,032016081102,6.00,21.43,97.37,21.43,75.57,1022.98,4.96,1,1,1,1
03201608112311,032016081103,5.00,21.43,97.37,21.43,75.79,1022.40,4.99,1,1,1,0.1
03201608112312,032016081104,5.00,21.43,97.37,82.87,76.32,1022.03,4.99,1,1,1,0.1
03201608112312,032016081105,9.00,21.43,97.46,21.43,80.23,1022.03,4.99,1,1,1,0.1
03201608112312,032016081106,1949.00,21.43,97.55,82.87,80.38,1021.84,4.99,1,1,1,0.1
03201608112313,032016081107,22382.00,21.43,114.13,21.43,78.97,1021.84,4.99,1,1,1,0.1
03201608112313,032016081108,48992.00,21.43,97.46,21.43,93.06,1021.77,4.99,1,1,1,0.1
03201608112313,032016081109,65535.00,21.43,97.37,21.43,78.87,1021.85,5.00,1,1,1,0.1
03201608112314,032016081110,65535.00,21.43,112.29,21.43,78.87,1021.87,5.00,1,1,1,0.1
03201608112314,032016081111,65535.00,21.45,95.25,87.99,68.84,1021.53,5.00,1,1,1,0.1
03201608112314,,,,,,,,,1,1,1,0.1
03201608112314,,,,,,,,,1,1,1,0.1
03201608112314,,,,,,,,,1,1,1,0.1
03201608112315,032016081115,47615.00,25.23,105.25,24.77,65.29,1020.68,5.02,1,1,1,0.1
03201608112315,032016081116,18801.00,24.97,99.67,31.67,67.86,1020.70,5.02,1,1,1,0.1
03201608112315,032016081117,45705.00,26.55,95.10,25.91,70.67,1020.88,5.02,1,1,1,0.1
03201608112316,032016081118,17482.00,25.47,95.17,26.23,70.98,1021.22,5.02,1,1,1,0.1
03201608112316,032016081119,15753.00,24.95,95.09,93.11,72.68,1021.18,5.02,1,1,1,0.1
03201608112316,032016081120,4280.00,23.37,95.29,22.69,75.56,1021.69,5.02,1,1,1,0.1
03201608112317,032016081121,24.00,22.57,96.08,21.43,93.06,1022.04,5.02,1,1,1,0.1
03201608112317,032016081122,2.00,21.43,96.22,21.43,93.06,1022.50,5.02,1,1,1,0.1
03201608112317,032016081123,2.00,21.43,96.58,82.87,93.06,1022.58,5.02,1,1,1,1
03201608122310,032016081200,2.00,21.43,96.67,21.43,93.06,1023.03,5.02,1,1,1,0.1
03201608122310,032016081201,2.00,21.43,97.37,21.43,93.06,1023.27,5.02,1,1,1,0.1
03201608122311,032016081202,2.00,21.43,97.37,21.43,93.06,1023.01,5.02,1,1,1,0.1
03201608122311,032016081203,2.00,21.43,97.37,21.43,93.06,1022.81,5.02,1,1,1,0.1
03201608122312,032016081204,1.00,21.43,97.46,21.43,93.06,1022.88,5.02,1,1,1,0.1
03201608122312,032016081205,3.00,21.43,97.63,21.43,93.06,1023.03,5.03,1,1,1,0.1
03201608122312,032016081206,1974.00,21.43,97.72,21.43,93.06,1023.41,5.03,1,1,1,0.1
03201608122313,032016081207,6067.00,21.43,97.72,82.87,93.06,1023.58,5.02,1,1,1,1
03201608122313,032016081208,9937.00,21.43,97.37,82.87,93.06,1023.84,5.03,1,1,1,0.1
03201608122313,032016081209,45491.00,21.43,96.49,21.43,93.06,1024.00,5.03,1,1,1,0.1
03201608122314,032016081210,65535.00,25.33,99.28,103.35,71.95,1024.13,5.02,1,1,1,0.1
03201608122314,032016081211,65535.00,31.67,98.96,32.63,65.20,1024.02,5.02,1,1,1,0.1
03201608122314,032016081212,65535.00,31.67,98.12,32.99,65.68,1023.77,5.02,1,1,1,1
03201608122315,032016081213,65535.00,31.67,97.28,36.79,67.29,1023.23,5.02,1,1,1,0.1
03201608122315,032016081214,65535.00,32.03,95.77,40.51,53.82,1022.89,5.02,1,1,1,0.1
03201608122316,032016081215,65535.00,36.79,96.98,118.71,53.48,1022.69,5.02,1,1,1,0.1
03201608122316,032016081216,65535.00,33.59,96.56,118.71,109.42,1022.47,5.02,1,1,1,0.1
03201608122316,032016081217,14634.00,31.67,98.91,31.67,68.39,1022.23,5.02,1,1,1,0.1
03201608122317,032016081218,10389.00,31.67,100.33,31.67,72.01,1021.99,5.02,1,1,1,0.1
03201608122317,032016081219,29417.00,31.67,100.87,103.35,75.27,1022.06,5.02,1,1,1,0.1
03201608122317,032016081220,2787.00,31.67,101.50,26.55,74.63,1022.20,5.02,1,1,1,0.1
03201608122318,032016081221,8.00,26.51,95.10,23.99,74.22,1022.90,5.02,1,1,1,0.1
03201608122318,032016081222,2.00,23.67,96.01,23.99,81.09,1023.18,5.02,1,1,1,0.1
03201608122318,032016081223,2.00,23.49,96.67,21.43,80.54,1023.07,5.02,1,1,1,0.1
03201608132310,032016081300,2.00,21.93,96.53,21.43,79.08,1022.85,5.00,1,1,1,1
03201608132311,032016081301,2.00,21.43,96.62,21.43,76.97,1022.41,5.00,1,1,1,0.1
03201608132311,032016081302,2.00,21.43,96.67,21.43,77.97,1022.26,5.00,1,1,1,0.1
03201608132311,032016081303,2.00,21.43,114.02,21.43,78.03,1022.10,4.97,1,1,1,0.1
03201608132312,032016081304,2.00,21.43,97.37,21.43,78.87,1022.01,4.98,1,1,1,0.1
03201608132312,032016081305,3.00,21.43,97.37,82.87,93.06,1022.03,4.98,1,1,1,0.1
03201608132313,032016081306,1614.00,21.43,97.37,21.43,93.06,1022.22,4.98,1,1,1,0.1
03201608132313,032016081307,8248.00,21.43,97.37,82.87,93.06,1022.26,5.00,1,1,1,0.1
03201608132313,032016081308,17969.00,21.43,113.00,82.87,93.06,1022.52,4.98,1,1,1,0.1
03201608132314,032016081309,65535.00,21.43,95.87,87.99,93.67,1022.55,4.98,1,1,1,0.1
03201608132314,032016081310,55164.00,24.39,99.48,31.67,68.21,1022.79,5.01,1,1,1,0.1
03201608132314,032016081311,65392.00,26.51,98.85,31.67,64.47,1022.68,5.01,1,1,1,0.1
03201608132315,032016081312,62093.00,25.23,99.12,31.67,68.45,1022.96,5.01,1,1,1,0.1
03201608132315,032016081313,65535.00,31.67,99.00,32.89,68.30,1022.51,5.00,1,1,1,0.1
03201608132315,032016081314,35722.00,31.67,100.33,31.67,75.91,1022.35,5.00,1,1,1,0.1
03201608132316,032016081315,35731.00,31.67,98.03,36.79,61.36,1021.95,5.00,1,1,1,0.1
03201608132316,032016081316,65535.00,31.67,98.08,108.47,61.68,1021.93,5.00,1,1,1,0.1
03201608132317,032016081317,15462.00,31.67,99.37,31.67,75.04,1021.71,5.00,1,1,1,0.1
03201608132317,032016081318,10185.00,31.67,100.42,31.67,69.51,1021.78,5.00,1,1,1,0.1
03201608132317,032016081319,11379.00,31.67,100.87,31.67,75.84,1021.91,5.00,1,1,1,0.1
03201608132318,032016081320,472.00,25.53,99.78,24.57,68.48,1022.24,5.00,1,1,1,0.1
03201608132318,032016081321,7.00,25.91,95.32,24.25,73.96,1022.76,5.01,1,1,1,0.1
03201608132318,032016081322,2.00,23.83,95.39,23.67,74.05,1023.24,5.00,1,1,1,0.1
03201608132319,032016081323,2.00,22.69,95.59,23.67,73.28,1023.65,5.00,1,1,1,0.1
03201608142310,032016081400,2.00,23.95,96.07,22.01,76.60,1024.07,5.00,1,1,1,0.1
03201608142311,032016081401,2.00,22.73,96.10,21.43,79.81,1024.22,5.00,1,1,1,0.1
03201608142311,032016081402,2.00,21.81,96.18,21.43,72.85,1023.97,5.00,1,1,1,0.1
03201608142311,032016081403,2.00,21.43,96.40,21.43,79.71,1023.92,5.00,1,1,1,0.1
03201608142312,032016081404,2.00,21.43,96.58,21.43,78.87,1023.94,5.00,1,1,1,0.1
03201608142312,032016081405,3.00,21.43,97.37,21.43,78.87,1024.26,5.00,1,1,1,0.1
03201608142312,032016081406,1232.00,21.43,97.37,21.43,77.50,1024.53,5.00,1,1,1,0.1
03201608142313,032016081407,10037.00,21.43,97.37,82.87,79.29,1024.95,5.00,1,1,1,0.1
03201608142313,032016081408,28123.00,21.43,96.22,21.43,79.03,1025.24,5.00,1,1,1,0.1
03201608142314,032016081409,47609.00,22.95,95.64,87.99,73.23,1025.63,5.00,1,1,1,0.1
03201608142314,032016081410,52472.00,23.35,94.29,24.23,73.82,1025.82,5.00,1,1,1,0.1
03201608142314,032016081411,46203.00,25.91,99.83,31.67,117.15,1025.88,5.00,1,1,1,0.1
03201608142315,032016081412,53798.00,26.53,100.05,31.67,69.27,1025.89,5.00,1,1,1,0.1
03201608142315,032016081413,65535.00,26.47,99.45,31.67,67.38,1025.60,5.00,1,1,1,0.1
03201608142315,032016081414,65535.00,31.67,98.86,32.45,61.44,1025.74,5.00,1,1,1,0.1
03201608142316,032016081415,65535.00,31.67,98.77,32.15,66.98,1025.87,5.00,1,1,1,0.1
03201608142316,032016081416,65535.00,31.67,98.31,32.89,65.43,1025.57,5.00,1,1,1,0.1
03201608142317,032016081417,25132.00,31.67,99.14,31.67,69.93,1025.36,5.00,1,1,1,0.1
03201608142317,032016081418,7674.00,31.67,100.87,103.35,71.66,1025.02,5.00,1,1,1,0.1
03201608142317,032016081419,15264.00,31.67,101.59,31.67,71.66,1025.14,5.00,1,1,1,0.1
03201608142318,032016081420,2324.00,24.75,94.65,24.95,72.63,1025.42,5.00,1,1,1,0.1
03201608142318,032016081421,5.00,23.83,95.91,23.67,74.07,1025.81,4.98,1,1,1,0.1
03201608142318,032016081422,3.00,23.97,96.26,21.43,74.11,1026.14,4.96,1,1,1,0.1
03201608142319,032016081423,2.00,22.07,96.18,21.43,76.32,1026.31,4.97,1,1,1,0.1
03201608152310,032016081500,2.00,21.43,96.36,21.43,79.24,1026.47,5.00,1,1,1,1
03201608152311,032016081501,3.00,21.43,97.37,82.87,80.33,1026.24,5.01,1,1,1,0.1
03201608152311,032016081502,3.00,21.43,97.37,21.43,93.06,1026.19,5.00,1,1,1,0.1
03201608152311,032016081503,3.00,21.43,97.63,21.43,93.06,1025.90,4.98,1,1,1,0.1
03201608152312,032016081504,2.00,21.43,98.07,21.43,93.06,1025.70,5.00,1,1,1,0.1
03201608152312,032016081505,4.00,21.43,98.20,21.43,93.06,1025.55,5.01,1,1,1,1
03201608152313,032016081506,1501.00,21.43,98.42,21.43,93.06,1025.48,5.01,1,1,1,0.1
03201608152313,032016081507,5187.00,21.43,98.42,21.43,93.06,1025.81,5.01,1,1,1,0.1
03201608152313,032016081508,8287.00,21.43,98.07,21.43,93.06,1025.93,5.01,1,1,1,1
03201608152314,032016081509,41675.00,21.43,97.37,82.87,93.06,1025.99,5.00,1,1,1,0.1
03201608152314,032016081510,65535.00,23.85,99.28,31.67,117.15,1025.64,5.00,1,1,1,0.1
03201608152314,032016081511,42666.00,25.53,98.49,103.35,62.15,1025.57,4.98,1,1,1,0.1
03201608152315,032016081512,65535.00,31.67,99.23,32.63,60.72,1025.15,5.00,1,1,1,1
03201608152315,032016081513,65535.00,31.67,97.47,36.79,61.36,1024.67,5.00,1,1,1,0.1
03201608152315,032016081514,65535.00,33.93,96.27,123.83,38.12,1024.59,4.97,1,1,1,0.1
03201608152316,032016081515,65535.00,34.07,96.30,40.93,42.99,1024.11,5.00,1,1,1,0.1
03201608152316,032016081516,65535.00,34.19,96.55,113.59,43.99,1023.64,5.00,1,1,1,0.1
03201608152317,032016081517,13278.00,31.67,99.05,103.35,60.58,1023.33,4.96,1,1,1,0.1
03201608152317,032016081518,9651.00,31.67,100.87,31.67,67.86,1023.01,5.00,1,1,1,0.1
03201608152317,032016081519,26327.00,31.67,101.05,103.35,60.58,1022.75,5.00,1,1,1,0.1
03201608152318,032016081520,2242.00,24.39,94.72,23.99,67.00,1022.79,5.00,1,1,1,0.1
03201608152318,032016081521,8.00,23.35,95.75,23.99,74.22,1023.14,5.00,1,1,1,1
03201608152318,032016081522,3.00,23.35,96.56,21.43,73.73,1023.00,5.00,1,1,1,0.1
03201608152319,032016081523,3.00,21.43,96.58,21.43,80.54,1022.88,5.00,1,1,1,0.1
03201608162310,032016081600,3.00,21.43,97.37,21.43,78.87,1022.72,5.01,1,1,1,1
03201608162311,032016081601,3.00,21.43,97.37,21.43,75.73,1022.43,5.00,1,1,1,0.1
03201608162311,032016081602,3.00,21.43,114.19,82.87,78.87,1022.16,5.00,1,1,1,0.1
03201608162311,032016081603,3.00,21.43,98.07,21.43,80.17,1021.57,5.00,1,1,1,0.1
03201608162312,032016081604,3.00,21.43,98.16,21.43,93.06,1021.12,5.00,1,1,1,1
03201608162312,032016081605,3.00,21.43,98.42,21.43,93.06,1020.84,5.01,1,1,1,0.1
03201608162312,032016081606,1001.00,21.43,98.59,21.43,93.06,1020.73,5.01,1,1,1,0.1
03201608162313,032016081607,9867.00,21.43,98.24,82.87,93.06,1020.66,5.00,1,1,1,1
03201608162313,032016081608,22430.00,21.43,97.72,21.43,93.06,1020.44,5.00,1,1,1,0.1
03201608162314,032016081609,43788.00,21.43,96.22,21.91,77.79,1020.33,5.00,1,1,1,0.1
03201608162314,032016081610,65535.00,22.85,99.13,31.67,71.61,1020.38,5.00,1,1,1,1
03201608162314,032016081611,42093.00,26.41,98.73,31.67,60.58,1020.30,4.99,1,1,1,0.1
03201608162315,032016081612,65535.00,31.67,100.96,31.67,66.43,1019.56,5.07,1,1,1,0.1
03201608162315,032016081613,65535.00,32.83,96.23,39.35,43.72,1019.12,5.10,1,1,1,0.1
03201608162315,032016081614,65535.00,33.67,96.21,39.55,53.50,1018.91,5.10,1,1,1,0.1
03201608162316,032016081615,65535.00,34.23,96.33,36.79,53.14,1018.74,5.10,1,1,1,0.1
03201608162316,032016081616,65535.00,31.67,95.68,108.47,52.71,1018.39,5.10,1,1,1,0.1
03201608162316,032016081617,65535.00,31.67,95.67,31.67,60.58,1018.03,5.08,1,1,1,0.1
03201608162317,032016081618,65535.00,31.67,95.67,31.67,60.58,1017.76,5.08,1,1,1,0.1
03201608162317,032016081619,65535.00,26.39,94.32,31.67,60.58,1017.50,5.08,1,1,1,0.1
03201608162318,032016081620,12726.00,23.73,93.67,23.99,67.00,1017.43,5.07,1,1,1,0.1
03201608162318,032016081621,15.00,22.63,93.37,21.43,66.55,1017.35,5.07,1,1,1,0.1
03201608162318,032016081622,9.00,21.43,93.70,21.43,73.73,1017.48,5.07,1,1,1,0.1
03201608162319,032016081623,8.00,21.43,95.24,82.87,76.75,1017.27,5.07,1,1,1,0.1
03201608172310,032016081700,8.00,21.43,95.91,82.87,79.71,1017.24,5.06,1,1,1,1
03201608172311,032016081701,8.00,21.43,96.49,21.43,80.43,1016.84,5.06,1,1,1,0.1
03201608172311,032016081702,8.00,21.43,97.37,21.43,76.75,1016.38,5.06,1,1,1,0.1
03201608172311,032016081703,8.00,21.43,97.59,82.87,77.71,1015.90,5.06,1,1,1,0.1
03201608172312,032016081704,8.00,21.43,98.07,21.43,79.81,1015.40,5.06,1,1,1,0.1
03201608172312,032016081705,11.00,21.43,98.46,21.43,93.06,1014.98,5.06,1,1,1,0.1
03201608172312,032016081706,5878.00,21.43,98.59,21.43,93.06,1014.55,5.06,1,1,1,0.1
03201608172313,032016081707,37590.00,21.43,98.07,21.43,93.06,1014.46,5.06,1,1,1,1
03201608172313,032016081708,61255.00,21.43,97.46,82.87,93.06,1014.35,5.06,1,1,1,0.1
03201608172313,032016081709,65535.00,21.43,112.40,21.43,93.06,1014.20,5.06,1,1,1,1
03201608172314,032016081710,65535.00,25.91,99.65,31.67,66.48,1014.43,5.06,1,1,1,0.1
03201608172314,032016081711,65535.00,31.67,97.94,108.47,60.92,1014.23,5.06,1,1,1,1
03201608172315,032016081712,65535.00,31.67,97.19,36.79,61.36,1013.88,5.06,1,1,1,0.1
03201608172315,032016081713,65535.00,33.73,96.32,39.35,61.75,1013.27,5.06,1,1,1,0.1
03201608172315,032016081714,65535.00,36.79,96.98,41.95,41.56,1012.99,5.06,1,1,1,0.1
03201608172316,032016081715,65535.00,36.79,96.98,123.83,39.39,1012.54,5.06,1,1,1,0.1
03201608172316,032016081716,65535.00,36.79,96.98,39.35,53.48,1012.13,5.06,1,1,1,0.1
03201608172316,032016081717,60707.00,31.67,95.96,32.07,60.65,1011.95,5.06,1,1,1,0.1
03201608172317,032016081718,39647.00,31.67,97.94,31.67,66.43,1011.77,5.06,1,1,1,0.1
03201608172317,032016081719,65535.00,31.67,97.94,31.67,61.38,1011.65,5.06,1,1,1,1
03201608172317,032016081720,3181.00,25.91,98.59,26.55,67.44,1011.96,5.06,1,1,1,0.1
03201608172318,032016081721,11.00,24.47,99.28,23.99,74.22,1012.16,5.06,1,1,1,0.1
03201608172318,032016081722,8.00,23.99,93.76,23.99,74.22,1012.04,5.06,1,1,1,1
03201608172319,032016081723,8.00,22.39,94.63,21.43,80.54,1012.05,5.06,1,1,1,0.1
03201608182310,032016081800,8.00,21.43,94.88,21.43,80.54,1011.71,5.07,1,1,1,1
03201608182310,032016081801,8.00,21.43,95.60,21.43,76.97,1011.04,5.07,1,1,1,0.1
03201608182311,032016081802,8.00,21.43,96.00,21.43,79.71,1010.50,5.07,1,1,1,0.1
03201608182311,032016081803,8.00,21.43,96.31,21.43,93.06,1010.27,5.07,1,1,1,0.1
03201608182312,032016081804,8.00,21.43,96.22,21.43,93.06,1010.76,5.07,1,1,1,0.1
03201608182312,032016081805,11.00,21.43,96.18,82.87,93.06,1010.62,5.07,1,1,1,0.1
03201608182312,032016081806,3083.00,21.43,96.18,82.87,93.06,1010.25,5.07,1,1,1,1
03201608182313,032016081807,27351.00,21.43,96.18,21.43,93.06,1009.94,5.07,1,1,1,0.1
03201608182313,032016081808,63162.00,21.43,95.60,82.87,93.06,1010.05,5.07,1,1,1,0.1
03201608182313,032016081809,65535.00,21.73,94.85,23.91,74.91,1010.11,5.07,1,1,1,0.1
03201608182314,032016081810,65535.00,26.49,97.56,31.67,117.15,1010.28,5.07,1,1,1,0.1
03201608182314,032016081811,65535.00,31.67,96.15,32.71,60.75,1010.51,5.07,1,1,1,0.1
03201608182314,032016081812,65535.00,31.67,96.81,31.67,64.32,1010.22,5.07,1,1,1,0.1
03201608182315,032016081813,65535.00,31.67,95.67,31.67,107.14,1010.16,5.07,1,1,1,0.1
03201608182315,032016081814,65535.00,31.67,95.67,108.47,43.71,1010.27,5.07,1,1,1,0.1
03201608182316,032016081815,65535.00,31.67,95.67,103.35,95.67,1010.12,5.07,1,1,1,0.1
03201608182316,032016081816,65535.00,31.67,96.24,31.67,60.58,1009.88,5.07,1,1,1,0.1
03201608182316,032016081817,65535.00,31.67,96.24,31.67,107.14,1009.92,5.07,1,1,1,0.1
03201608182317,032016081818,65535.00,26.47,95.53,103.35,52.46,1010.24,5.07,1,1,1,0.1
03201608182317,032016081819,57358.00,25.91,94.95,31.67,52.46,1010.28,5.07,1,1,1,0.1
03201608182317,032016081820,5603.00,24.73,96.63,23.67,59.35,1010.34,5.07,1,1,1,0.1
03201608182318,032016081821,8.00,21.99,97.59,22.95,73.50,1010.61,5.07,1,1,1,0.1
03201608182318,032016081822,6.00,22.57,98.90,21.43,72.19,1010.71,5.07,1,1,1,0.1
03201608182319,032016081823,7.00,21.43,93.79,82.87,75.03,1010.51,5.07,1,1,1,0.1
03201608192310,032016081900,8.00,21.43,93.97,21.43,75.03,1010.75,5.07,1,1,1,1
03201608192311,032016081901,8.00,21.43,94.34,82.87,78.87,1010.25,5.07,1,1,1,0.1
03201608192311,032016081902,8.00,21.43,94.88,21.43,80.54,1009.87,5.07,1,1,1,0.1
03201608192311,032016081903,9.00,21.43,94.79,21.43,78.87,1009.35,5.07,1,1,1,0.1
03201608192312,032016081904,8.00,21.43,94.88,21.43,93.06,1008.67,5.07,1,1,1,0.1
03201608192312,032016081905,9.00,21.43,95.24,82.87,79.71,1007.98,5.07,1,1,1,0.1
03201608192312,032016081906,4045.00,21.43,95.24,82.87,93.06,1007.91,5.07,1,1,1,1
03201608192313,032016081907,23969.00,21.43,95.24,21.43,93.06,1007.68,5.07,1,1,1,0.1
03201608192313,032016081908,50591.00,21.43,94.79,21.43,77.18,1007.40,5.07,1,1,1,0.1
03201608192313,032016081909,65535.00,21.43,94.61,21.43,78.87,1007.09,5.07,1,1,1,0.1
03201608192314,032016081910,55217.00,21.43,93.97,22.59,79.96,1006.87,5.07,1,1,1,0.1
03201608192314,032016081911,65535.00,22.87,99.16,21.81,74.67,1006.70,5.07,1,1,1,0.1
03201608192315,032016081912,65535.00,23.49,99.31,22.39,75.94,1006.25,5.07,1,1,1,0.1
03201608192315,032016081913,65535.00,22.01,93.75,22.13,76.87,1005.76,5.07,1,1,1,0.1
03201608192315,032016081914,54530.00,22.39,93.76,23.35,75.89,1005.74,5.07,1,1,1,0.1
03201608192316,032016081915,65535.00,22.55,98.39,24.61,67.93,1005.38,5.07,1,1,1,0.1
03201608192316,032016081916,65535.00,22.89,98.10,23.35,65.68,1005.55,5.07,1,1,1,0.1
03201608192316,032016081917,65535.00,21.43,98.72,21.43,75.30,1005.18,5.07,1,1,1,0.1
03201608192317,032016081918,65535.00,21.43,93.79,21.43,79.71,1004.85,5.07,1,1,1,0.1
03201608192317,032016081919,65535.00,21.43,93.61,21.63,78.08,1004.84,5.07,1,1,1,0.1
03201608192317,032016081920,4845.00,21.43,93.79,21.43,79.24,1005.07,5.07,1,1,1,0.1
03201608192318,032016081921,8.00,21.43,94.61,21.43,80.38,1005.63,5.07,1,1,1,0.1
03201608192318,032016081922,6.00,21.43,94.79,21.43,78.87,1005.74,5.07,1,1,1,0.1
03201608192319,032016081923,6.00,21.43,95.24,21.43,93.06,1005.94,5.07,1,1,1,1
03201608202310,032016082000,6.00,21.43,95.24,21.43,78.87,1005.88,5.07,1,1,1,1
03201608202310,032016082001,6.00,21.43,95.42,82.87,77.81,1005.88,5.07,1,1,1,0.1
03201608202311,032016082002,6.00,21.43,95.69,21.43,93.06,1005.74,5.07,1,1,1,0.1
03201608202311,032016082003,6.00,21.43,95.64,21.43,79.71,1005.59,5.07,1,1,1,0.1
03201608202312,032016082004,7.00,21.43,95.78,82.87,77.39,1005.58,5.07,1,1,1,0.1
03201608202312,032016082005,7.00,21.43,95.60,21.43,79.29,1005.47,5.07,1,1,1,0.1
03201608202312,032016082006,3864.00,21.43,95.69,21.43,78.03,1005.28,5.07,1,1,1,0.1
03201608202313,032016082007,25366.00,21.43,95.87,21.43,93.06,1005.39,5.07,1,1,1,0.1
03201608202313,032016082008,65535.00,21.43,95.60,21.43,76.43,1005.46,5.07,1,1,1,0.1
03201608202313,032016082009,65535.00,21.43,94.43,21.43,68.27,1005.54,5.07,1,1,1,0.1
03201608202314,032016082010,35547.00,21.43,93.70,21.43,72.08,1006.27,5.07,1,1,1,0.1
03201608202314,032016082011,65535.00,21.43,93.88,23.35,70.09,1006.30,5.07,1,1,1,0.1
03201608202315,032016082012,65535.00,22.57,97.70,26.43,115.39,1006.45,5.07,1,1,1,0.1
03201608202315,032016082013,65535.00,25.19,95.80,26.29,105.58,1006.19,5.07,1,1,1,0.1
03201608202315,032016082014,65535.00,24.69,93.90,103.35,95.67,1006.33,5.07,1,1,1,0.1
03201608202316,032016082015,65535.00,24.77,93.91,103.35,95.67,1006.69,5.07,1,1,1,0.1
03201608202316,032016082016,65535.00,22.39,93.31,22.65,59.20,1006.58,5.07,1,1,1,0.1
03201608202316,032016082017,65535.00,22.07,95.48,22.67,114.11,1006.87,5.07,1,1,1,0.1
03201608202317,032016082018,65535.00,23.97,96.70,22.13,113.91,1007.00,5.07,1,1,1,0.1
03201608202317,032016082019,27247.00,21.61,97.44,82.87,67.07,1007.48,5.07,1,1,1,0.1
03201608202317,032016082020,865.00,21.43,98.68,21.43,79.18,1007.91,5.07,1,1,1,0.1
03201608202318,032016082021,10.00,21.43,93.70,21.43,76.32,1008.50,5.07,1,1,1,0.1
03201608202318,032016082022,7.00,21.43,94.15,21.43,77.60,1008.47,5.07,1,1,1,0.1
03201608202319,032016082023,7.00,21.43,94.43,21.43,76.32,1008.60,5.07,1,1,1,0.1
03201608212310,032016082100,8.00,21.43,94.43,21.43,80.54,1008.97,5.06,1,1,1,0.1
03201608212311,032016082101,8.00,21.43,94.43,21.43,78.87,1009.25,5.06,1,1,1,0.1
03201608212311,032016082102,9.00,21.43,94.43,21.43,78.87,1009.53,5.06,1,1,1,0.1
03201608212311,032016082103,8.00,21.43,94.43,21.43,73.84,1010.11,5.06,1,1,1,0.1
03201608212312,032016082104,7.00,21.43,94.79,21.43,77.60,1010.30,5.06,1,1,1,0.1
03201608212312,032016082105,8.00,21.43,94.79,82.87,74.00,1011.10,5.06,1,1,1,0.1
03201608212312,032016082106,2366.00,21.43,94.88,21.43,76.97,1011.65,5.06,1,1,1,0.1
03201608212313,032016082107,11543.00,21.43,95.24,21.43,77.50,1012.51,5.06,1,1,1,0.1
03201608212313,032016082108,65535.00,21.43,94.61,21.43,76.32,1013.16,5.06,1,1,1,0.1
03201608212314,032016082109,65535.00,21.43,93.61,22.55,69.71,1014.14,5.06,1,1,1,0.1
03201608212314,032016082110,65535.00,22.09,98.75,22.21,113.95,1014.93,5.06,1,1,1,0.1
03201608212314,032016082111,65535.00,22.15,98.33,25.29,65.60,1015.64,5.06,1,1,1,0.1
03201608212315,032016082112,65535.00,22.39,115.41,24.47,62.36,1016.45,5.06,1,1,1,0.1
03201608212315,032016082113,65535.00,24.95,96.17,31.67,61.36,1017.09,5.06,1,1,1,0.1
03201608212315,032016082114,65535.00,31.67,95.67,31.67,60.58,1017.45,5.06,1,1,1,0.1
03201608212316,032016082115,65535.00,31.67,95.67,31.67,61.36,1018.26,5.06,1,1,1,0.1
03201608212316,032016082116,65535.00,31.67,95.67,103.35,60.58,1018.84,5.06,1,1,1,0.1
03201608212317,032016082117,44521.00,31.67,95.67,31.67,52.46,1018.96,5.06,1,1,1,0.1
03201608212317,032016082118,43551.00,26.23,95.12,26.27,115.31,1019.54,5.06,1,1,1,0.1
03201608212317,032016082119,19975.00,23.35,94.93,22.65,66.65,1020.21,5.06,1,1,1,0.1
03201608212318,032016082120,1611.00,22.55,97.68,87.99,72.89,1020.13,5.06,1,1,1,0.1
03201608212318,032016082121,8.00,21.43,98.07,21.43,78.87,1020.34,5.06,1,1,1,0.1
03201608212318,032016082122,8.00,21.43,98.24,21.43,75.68,1020.24,5.06,1,1,1,0.1
03201608212319,032016082123,8.00,21.43,98.42,21.43,80.43,1020.38,5.06,1,1,1,0.1
03201608222310,032016082200,7.00,21.43,98.51,82.87,74.65,1020.30,5.07,1,1,1,1
03201608222310,032016082201,8.00,21.43,98.76,82.87,79.71,1020.50,5.07,1,1,1,0.1
03201608222311,032016082202,7.00,21.43,98.76,82.87,79.71,1020.43,5.07,1,1,1,0.1
03201608222311,032016082203,8.00,21.43,93.38,21.43,93.06,1020.71,5.07,1,1,1,1
03201608222312,032016082204,7.00,21.43,93.61,21.43,80.17,1020.96,5.07,1,1,1,0.1
03201608222312,032016082205,6.00,21.43,93.70,21.43,80.12,1020.66,5.07,1,1,1,0.1
03201608222312,032016082206,855.00,21.43,94.15,21.43,93.06,1021.05,5.07,1,1,1,0.1
03201608222313,032016082207,21306.00,21.43,94.15,21.43,93.06,1021.90,5.07,1,1,1,0.1
03201608222313,032016082208,37713.00,21.43,93.97,21.43,93.06,1022.48,5.07,1,1,1,1
03201608222313,032016082209,65535.00,21.43,93.42,87.99,74.68,1022.74,5.07,1,1,1,0.1
03201608222314,032016082210,65535.00,23.67,98.68,23.43,73.75,1023.02,5.07,1,1,1,0.1
03201608222314,032016082211,65535.00,26.41,94.98,31.67,60.58,1022.93,5.07,1,1,1,0.1
03201608222314,032016082212,65535.00,31.67,95.67,103.35,62.15,1023.21,5.07,1,1,1,0.1
03201608222315,032016082213,65535.00,31.67,95.67,103.35,66.43,1023.19,5.07,1,1,1,0.1
03201608222315,032016082214,65535.00,31.67,95.67,31.85,63.67,1023.37,5.07,1,1,1,0.1
03201608222316,032016082215,65535.00,32.15,95.80,36.79,61.36,1023.35,5.07,1,1,1,0.1
03201608222316,032016082216,65535.00,31.67,95.67,108.47,60.72,1023.51,5.07,1,1,1,0.1
03201608222316,032016082217,65535.00,31.67,95.67,103.35,60.76,1023.71,5.07,1,1,1,0.1
03201608222317,032016082218,65535.00,31.67,95.67,31.67,107.14,1024.08,5.07,1,1,1,0.1
03201608222317,032016082219,20711.00,31.67,95.67,31.67,117.15,1024.29,5.07,1,1,1,1
03201608222317,032016082220,2306.00,26.43,94.59,25.91,70.10,1024.30,5.07,1,1,1,0.1
03201608222318,032016082221,6.00,23.45,95.79,22.57,68.95,1024.64,5.07,1,1,1,0.1
03201608222318,032016082222,5.00,23.95,96.83,22.91,71.13,1024.71,5.07,1,1,1,0.1
03201608222318,032016082223,5.00,22.11,97.60,82.87,77.66,1024.79,5.07,1,1,1,0.1
